

 ==========================================
 [Surf] Wing-CRM
 ==========================================
 ---------------------------------------------------
 Layout: xLE     yLE       zLE     chord  twist(deg) rel-thick 
 ---------------------------------------------------
    24.772     4.470    -2.500    12.191    -4.318     0.136   
    25.911     4.486    -4.000    11.304    -3.798     0.130   
    28.950     4.528    -8.000     8.944    -1.909     0.111   
    31.135     4.599   -10.870     7.260    -0.764     0.104   
    32.757     4.685   -13.000     6.738     0.174     0.101   
    35.803     4.966   -17.000     5.760     1.091     0.097   
    38.849     5.381   -21.000     4.782     1.687     0.095   
    41.894     5.950   -25.000     3.803     2.280     0.094   
    45.245     6.704   -29.400     2.729     3.759     0.093   

 ---------------------------------------------------
 CST_coefs:
 ---------------------------------------------------
Section  1---------------
 0.159314  0.148180  0.144913  0.107304  0.126782  0.113400  0.101962  0.152223  0.069310  0.182594
-0.159748 -0.201148 -0.193201 -0.280741 -0.202758 -0.268976 -0.125566 -0.268535 -0.115812 -0.077098
Section  2---------------
 0.150755  0.148373  0.131731  0.129437  0.106494  0.142622  0.079780  0.179622  0.056345  0.188132
-0.140580 -0.194436 -0.170923 -0.269680 -0.195007 -0.223184 -0.171019 -0.202572 -0.138419 -0.035923
Section  3---------------
 0.134403  0.112426  0.147264  0.104228  0.168898  0.107100  0.128696  0.199772  0.054189  0.211650
-0.107339 -0.111740 -0.180419 -0.123402 -0.221033 -0.092856 -0.252175 -0.042277 -0.160454  0.088611
Section  4---------------
 0.130752  0.098078  0.159028  0.080555  0.196097  0.129935  0.095970  0.299887  0.006543  0.333834
-0.103109 -0.084690 -0.173534 -0.064677 -0.249297 -0.014014 -0.307980  0.046222 -0.181226  0.218600
Section  5---------------
 0.129651  0.095474  0.155436  0.083565  0.191174  0.144093  0.098613  0.324441 -0.000869  0.365514
-0.104986 -0.075921 -0.175458 -0.031069 -0.275600  0.038089 -0.329182  0.080482 -0.154851  0.260105
Section  6---------------
 0.130698  0.100542  0.150367  0.105898  0.171039  0.169496  0.100869  0.346077  0.007294  0.393361
-0.107698 -0.067637 -0.164902 -0.010533 -0.266923  0.061700 -0.299187  0.075750 -0.109651  0.286436
Section  7---------------
 0.130469  0.102942  0.149254  0.112234  0.159243  0.180860  0.072124  0.378401 -0.001982  0.429825
-0.110051 -0.067678 -0.162465 -0.002787 -0.270419  0.088762 -0.315081  0.097978 -0.133212  0.315423
Section  8---------------
 0.121153  0.102539  0.142500  0.118741  0.136168  0.198625  0.078431  0.344124  0.043488  0.384026
-0.111818 -0.068929 -0.166062 -0.005041 -0.262790  0.078839 -0.301000  0.101143 -0.107922  0.271562
Section  9---------------
 0.081777  0.067714  0.108331  0.065523  0.114244  0.129834  0.060959  0.146251  0.056718  0.099458
-0.113468 -0.093078 -0.173609 -0.094785 -0.237912 -0.073953 -0.208947 -0.089522 -0.079981 -0.004066

