 ==========================================
 [Surf] Fan
 ==========================================
 ---------------------------------------------------
 Layout: LE XYZ, chord length, twist(deg), rel-thick
 ---------------------------------------------------
-14.511  15.057  20.177  25.565  -46.346 0.117
-19.055  14.767  25.000  25.575  -41.578 0.104
-24.141  16.453  28.000  27.524  -39.924 0.093
-27.811  17.622  30.000  28.805  -39.125 0.087
-33.781  19.434  33.000  30.624  -38.347 0.079
-40.797  21.420  36.200  33.115  -37.326 0.083
-37.237  22.103  37.694  24.093  -36.128 0.070
 ---------------------------------------------------
 CST_coefs:
 ---------------------------------------------------
Section 1 ---------------
 0.116721  0.383529  0.150191  0.460014  0.216276  0.361768  0.266698
 -0.153334  -0.171295  0.230421  -0.214967  0.223316  -0.087042  0.047490       
Section 2 ---------------
 0.214154  0.331981  0.253159  0.367796  0.278757  0.319729  0.278037
 -0.084259  -0.008209  0.087119  0.018603  0.092314  0.033121  0.047419
Section 3 ---------------
 0.181118  0.302983  0.200979  0.336966  0.221374  0.280950  0.233081
 -0.079768  -0.010744  0.065897  0.010452  0.069584  0.021213  0.032587
Section 4 ---------------
 0.164032  0.283149  0.177204  0.315553  0.195460  0.258172  0.209663
 -0.077333  -0.011788  0.053890  0.007114  0.057070  0.015061  0.024238
Section 5 ---------------
 0.144304  0.254935  0.154127  0.286176  0.171699  0.231582  0.185393
 -0.074038  -0.012624  0.039477  0.005031  0.043156  0.009515  0.015680
Section 6 ---------------
 0.137920  0.183368  0.357544  -0.092392  0.736535  -0.256040  0.782349
 -0.071986  -0.015383  0.022437  -0.000570  0.026773  0.002509  0.004024
Section 7 ---------------
 0.137920  0.183368  0.357544  -0.092392  0.736535  -0.256040  0.782349
 -0.071986  -0.015383  0.022437  -0.000570  0.026773  0.002509  0.004024