Variables= X Cp Cf 
zone T= "-2.000000" 
        1.0000000000          0.2281701416          0.0024802487 
        0.9944972992          0.2175284028          0.0025733139 
        0.9842088223          0.2219670415          0.0025185498 
        0.9721233845          0.2227716148          0.0024930038 
        0.9591490030          0.2204793841          0.0024933142 
        0.9458019137          0.2159671485          0.0025126941 
        0.9323746562          0.2083162069          0.0025614672 
        0.9185777307          0.1997037083          0.0026191154 
        0.9046568871          0.1900712103          0.0026871013 
        0.8906889558          0.1803288609          0.0027569833 
        0.8766668439          0.1701855659          0.0028316893 
        0.8625962138          0.1589576453          0.0029184078 
        0.8485191464          0.1487092376          0.0029966324 
        0.8344929218          0.1382279992          0.0030781578 
        0.8206474781          0.1268298775          0.0031703631 
        0.8068297505          0.1164758280          0.0032526164 
        0.7927931547          0.1050596759          0.0033455105 
        0.7787046432          0.0937809050          0.0034363468 
        0.7647905946          0.0816047788          0.0035356071 
        0.7508740425          0.0698765889          0.0036271622 
        0.7367253900          0.0578707829          0.0037150038 
        0.7225298882          0.0433243811          0.0038212480 
        0.7082740068          0.0306565184          0.0038906368 
        0.6940593719          0.0159084741          0.0039566215 
        0.6798879504          0.0021165123          0.0039675971 
        0.6657844782         -0.0113780973          0.0038999454 
        0.6516457200         -0.0258707553          0.0037140974 
        0.6375460625         -0.0364898555          0.0032586979 
        0.6234037280         -0.0524443798          0.0024939408 
        0.6092425585         -0.0776761323          0.0013121796 
        0.5950688720         -0.1470448375          0.0002352815 
        0.5810421705         -0.2251941711         -0.0001137748 
        0.5670729280         -0.2320060134         -0.0001287349 
        0.5530961156         -0.2387821674         -0.0001277707 
        0.5389939547         -0.2460143566         -0.0001156949 
        0.5248782039         -0.2539526522         -0.0000851421 
        0.5107891560         -0.2627485394         -0.0000221519 
        0.4967036545         -0.2728994191          0.0000708928 
        0.4826433063         -0.2849569917          0.0002093219 
        0.4685902297         -0.2974695563          0.0003350281 
        0.4545654655         -0.3114196658          0.0005018574 
        0.4405582845         -0.3240823448          0.0006414803 
        0.4265249074         -0.3361697495          0.0007838235 
        0.4125118256         -0.3469381332          0.0009180108 
        0.3984962404         -0.3553561866          0.0010210677 
        0.3844834268         -0.3639771640          0.0011551222 
        0.3704789579         -0.3700071573          0.0012610478 
        0.3564499915         -0.3735051751          0.0013327547 
        0.3424169421         -0.3775687814          0.0014414124 
        0.3283955157         -0.3776129782          0.0014791330 
        0.3143304586         -0.3782552779          0.0015413488 
        0.3002967536         -0.3789064288          0.0016247564 
        0.2862543166         -0.3763786554          0.0016464776 
        0.2722045183         -0.3748670220          0.0016977030 
        0.2581107616         -0.3713048697          0.0016975416 
        0.2440361381         -0.3702561855          0.0017609640 
        0.2299456894         -0.3671443164          0.0017735048 
        0.2158412784         -0.3640962243          0.0017661795 
        0.2017695010         -0.3643926382          0.0018463965 
        0.1877197772         -0.3611139655          0.0018020640 
        0.1737403572         -0.3629080653          0.0018775387 
        0.1598018259         -0.3635516465          0.0019021713 
        0.1458735466         -0.3666159511          0.0019811301 
        0.1319422871         -0.3699535131          0.0020481555 
        0.1181220487         -0.3754523993          0.0021769975 
        0.1043865979         -0.3806771040          0.0022621937 
        0.0908781067         -0.3897579908          0.0024947973 
        0.0775191486         -0.3978442550          0.0027277635 
        0.0644125119         -0.4065234065          0.0029314354 
        0.0518477410         -0.4202349186          0.0034223862 
        0.0399019681         -0.4312312007          0.0040354496 
        0.0291823745         -0.4401423037          0.0047286963 
        0.0205163863         -0.4501836598          0.0058106314 
        0.0141463643         -0.4501972497          0.0077454448 
        0.0096264342         -0.4281654358          0.0092439493 
        0.0063714231         -0.3948581517          0.0120283570 
        0.0039851228         -0.3154097199          0.0157531574 
        0.0022315502         -0.1807354540          0.0184801631 
        0.0010003676          0.0445600413          0.0242634136 
        0.0002599654          0.3996184468          0.0237298515 
        0.0000018368          0.7621011138          0.0179158896 
        0.0001709456          0.9708661437          0.0057480605 
        0.0004980410          1.0025125742          0.0000000000 
        0.0008052547          0.9873362184          0.0039806175 
        0.0019094408          0.8704228997          0.0086258184 
        0.0035290672          0.7216480374          0.0104328943 
        0.0057462878          0.5685476661          0.0103089418 
        0.0087600099          0.4360367060          0.0092747957 
        0.0129273068          0.3215037584          0.0081479279 
        0.0187769849          0.2181466967          0.0070969025 
        0.0268488713          0.1402668357          0.0056749256 
        0.0371241495          0.0755443946          0.0050484245 
        0.0489362888          0.0312231854          0.0041794768 
        0.0616168268         -0.0010546059          0.0037390618 
        0.0747621581         -0.0282101724          0.0034309844 
        0.0882079452         -0.0479564294          0.0030935905 
        0.1018276513         -0.0653695911          0.0029057211 
        0.1156047061         -0.0805905908          0.0027371177 
        0.1294587851         -0.0931388512          0.0025726040 
        0.1433610320         -0.1060805991          0.0024913931 
        0.1573271155         -0.1156921163          0.0023425620 
        0.1713261604         -0.1264750063          0.0022888896 
        0.1853793114         -0.1368911266          0.0022295171 
        0.1994120330         -0.1443181485          0.0021132661 
        0.2134190947         -0.1534245759          0.0020837670 
        0.2273777276         -0.1599876285          0.0019950408 
        0.2414023280         -0.1676711440          0.0019620294 
        0.2555359304         -0.1753287315          0.0019291473 
        0.2697102427         -0.1797626764          0.0018302622 
        0.2838938534         -0.1869783252          0.0018262223 
        0.2980772257         -0.1921603531          0.0017706529 
        0.3122941554         -0.1973128170          0.0017295873 
        0.3264755011         -0.2020332515          0.0016890346 
        0.3407142460         -0.2068320513          0.0016584075 
        0.3549101651         -0.2108536065          0.0016177481 
        0.3691297472         -0.2156661153          0.0016013728 
        0.3833535314         -0.2187102139          0.0015509371 
        0.3975593150         -0.2227153182          0.0015315680 
        0.4117878675         -0.2247573733          0.0014766116 
        0.4259996414         -0.2284931391          0.0014670052 
        0.4401935339         -0.2302211523          0.0014189173 
        0.4543665051         -0.2329014689          0.0013992806 
        0.4684900045         -0.2346086204          0.0013641614 
        0.4826602936         -0.2347463667          0.0013073622 
        0.4968531132         -0.2363708317          0.0012896673 
        0.5110501051         -0.2368526459          0.0012530113 
        0.5252445340         -0.2366518527          0.0012109354 
        0.5394344926         -0.2360743731          0.0011700733 
        0.5536199808         -0.2348537445          0.0011252352 
        0.5677971244         -0.2329507172          0.0010764659 
        0.5819697380         -0.2300246358          0.0010184377 
        0.5960966945         -0.2271293998          0.0009711197 
        0.6102520227         -0.2240471393          0.0009279412 
        0.6244159341         -0.2191078067          0.0008583958 
        0.6385809183         -0.2146184444          0.0008078440 
        0.6527497172         -0.2088256478          0.0007407475 
        0.6669135690         -0.2026350051          0.0006755262 
        0.6810762286         -0.1951212287          0.0005933668 
        0.6952208281         -0.1883648932          0.0005353097 
        0.7092760205         -0.1805049181          0.0004594536 
        0.7233534455         -0.1723565906          0.0003830990 
        0.7374734282         -0.1643432379          0.0003138969 
        0.7516131997         -0.1559562087          0.0002356417 
        0.7657509446         -0.1480095834          0.0001665962 
        0.7798710465         -0.1404181868          0.0001003334 
        0.7937729955         -0.1335150450          0.0000428663 
        0.8076182008         -0.1272851825         -0.0000022897 
        0.8215758204         -0.1215490177         -0.0000388158 
        0.8354482055         -0.1162960306         -0.0000624688 
        0.8490245938         -0.1114574522         -0.0000788074 
        0.8625231981         -0.1068969816         -0.0000879328 
        0.8762143254         -0.1024753004         -0.0000908145 
        0.8899691701         -0.0981353596         -0.0000884794 
        0.9037760496         -0.0938030183         -0.0000776287 
        0.9177469611         -0.0690700039          0.0000124948 
        0.9314845204          0.0023673507          0.0005220358 
        0.9451167583          0.0419706665          0.0013260077 
        0.9587717056          0.0667411536          0.0020165623 
        0.9719279408          0.0923003331          0.0023875234 
        0.9840376973          0.1262591034          0.0024370775 
        0.9944905639          0.1750301570          0.0021758657 
        1.0000000000          0.2281701416          0.0017091376 

zone T= "-1.000000" 
        1.0000000000          0.2262268066          0.0026369859 
        0.9944972992          0.2172115296          0.0027197697 
        0.9842088223          0.2235569954          0.0026522859 
        0.9721233845          0.2257380635          0.0026201513 
        0.9591490030          0.2245705128          0.0026169277 
        0.9458019137          0.2209926248          0.0026350252 
        0.9323746562          0.2141468227          0.0026843681 
        0.9185777307          0.2062254995          0.0027443056 
        0.9046568871          0.1973977983          0.0028140002 
        0.8906889558          0.1885219067          0.0028853042 
        0.8766668439          0.1792128831          0.0029621171 
        0.8625962138          0.1688136458          0.0030514940 
        0.8485191464          0.1593946368          0.0031324197 
        0.8344929218          0.1497819126          0.0032162729 
        0.8206474781          0.1393243968          0.0033099451 
        0.8068297505          0.1298679113          0.0033933839 
        0.7927931547          0.1194551364          0.0034856282 
        0.7787046432          0.1093313396          0.0035721783 
        0.7647905946          0.0982629135          0.0036645627 
        0.7508740425          0.0878931805          0.0037410848 
        0.7367253900          0.0773238987          0.0038039398 
        0.7225298882          0.0645427182          0.0038670914 
        0.7082740068          0.0540141687          0.0038628220 
        0.6940593719          0.0418911651          0.0038063757 
        0.6798879504          0.0314969644          0.0036095122 
        0.6657844782          0.0221843943          0.0031928285 
        0.6516457200          0.0111260163          0.0024442808 
        0.6375460625         -0.0079438500          0.0012797742 
        0.6234037280         -0.0757385939          0.0002135831 
        0.6092425585         -0.1644762009         -0.0001279739 
        0.5950688720         -0.1707690805         -0.0001357831 
        0.5810421705         -0.1765955687         -0.0001382933 
        0.5670729280         -0.1824845970         -0.0001382723 
        0.5530961156         -0.1888986230         -0.0001301516 
        0.5389939547         -0.1963030398         -0.0001050641 
        0.5248782039         -0.2046977431         -0.0000505788 
        0.5107891560         -0.2144496143          0.0000447244 
        0.4967036545         -0.2258781940          0.0001681093 
        0.4826433063         -0.2391371429          0.0003309381 
        0.4685902297         -0.2518617809          0.0004647656 
        0.4545654655         -0.2655829787          0.0006368036 
        0.4405582845         -0.2771893740          0.0007726296 
        0.4265249074         -0.2880616486          0.0009144847 
        0.4125118256         -0.2971046269          0.0010412829 
        0.3984962404         -0.3039537072          0.0011436846 
        0.3844834268         -0.3106881082          0.0012735705 
        0.3704789579         -0.3148610294          0.0013783139 
        0.3564499915         -0.3162735701          0.0014439676 
        0.3424169421         -0.3186250329          0.0015594328 
        0.3283955157         -0.3164414465          0.0015919374 
        0.3143304586         -0.3150672913          0.0016560428 
        0.3002967536         -0.3136509955          0.0017453753 
        0.2862543166         -0.3087536693          0.0017664866 
        0.2722045183         -0.3050400615          0.0018268198 
        0.2581107616         -0.2989297807          0.0018300543 
        0.2440361381         -0.2951623201          0.0019005178 
        0.2299456894         -0.2892052829          0.0019223716 
        0.2158412784         -0.2829282582          0.0019189921 
        0.2017695010         -0.2798195481          0.0020109222 
        0.1877197772         -0.2730087042          0.0019821378 
        0.1737403572         -0.2705837488          0.0020727282 
        0.1598018259         -0.2663416862          0.0021045411 
        0.1458735466         -0.2641085982          0.0021968102 
        0.1319422871         -0.2617460787          0.0022994247 
        0.1181220487         -0.2596459985          0.0024358600 
        0.1043865979         -0.2566865385          0.0025456317 
        0.0908781067         -0.2558600903          0.0028010174 
        0.0775191486         -0.2520576417          0.0030715233 
        0.0644125119         -0.2460009754          0.0033215510 
        0.0518477410         -0.2407073528          0.0038360693 
        0.0399019681         -0.2274763137          0.0045269574 
        0.0291823745         -0.2039029002          0.0052906931 
        0.0205163863         -0.1739519238          0.0063998578 
        0.0141463643         -0.1284330189          0.0082137221 
        0.0096264342         -0.0601209961          0.0096080387 
        0.0063714231          0.0249358546          0.0119926631 
        0.0039851228          0.1474729031          0.0140807061 
        0.0022315502          0.3165180683          0.0166226532 
        0.0010003676          0.5451204777          0.0173452049 
        0.0002599654          0.8084336519          0.0144961039 
        0.0000018368          0.9816769958          0.0049898666 
        0.0000288673          1.0025125742          0.0000000000 
        0.0001709456          0.9753866792          0.0056930962 
        0.0008052547          0.8188871145          0.0117452042 
        0.0019094408          0.6031568050          0.0151127726 
        0.0035290672          0.4202426672          0.0126534197 
        0.0057462878          0.2661102116          0.0127129322 
        0.0087600099          0.1444831192          0.0099452669 
        0.0129273068          0.0557101965          0.0085380813 
        0.0187769849         -0.0215353761          0.0071763704 
        0.0268488713         -0.0703867301          0.0055503086 
        0.0371241495         -0.1104054824          0.0048935926 
        0.0489362888         -0.1342784911          0.0040072915 
        0.0616168268         -0.1496197879          0.0035303365 
        0.0747621581         -0.1642534733          0.0032627976 
        0.0882079452         -0.1738428324          0.0029355655 
        0.1018276513         -0.1823375672          0.0027394954 
        0.1156047061         -0.1903027892          0.0025874395 
        0.1294587851         -0.1971926689          0.0024466948 
        0.1433610320         -0.2041028291          0.0023464437 
        0.1573271155         -0.2092081606          0.0022205352 
        0.1713261604         -0.2159270495          0.0021730047 
        0.1853793114         -0.2224157453          0.0021141183 
        0.1994120330         -0.2264957577          0.0020072870 
        0.2134190947         -0.2322245240          0.0019733990 
        0.2273777276         -0.2360746413          0.0018954887 
        0.2414023280         -0.2409095317          0.0018598716 
        0.2555359304         -0.2460440695          0.0018308448 
        0.2697102427         -0.2481632382          0.0017378645 
        0.2838938534         -0.2532696426          0.0017359810 
        0.2980772257         -0.2562677860          0.0016803595 
        0.3122941554         -0.2593771517          0.0016399571 
        0.3264755011         -0.2622700334          0.0016024716 
        0.3407142460         -0.2649798691          0.0015671697 
        0.3549101651         -0.2676599622          0.0015370224 
        0.3691297472         -0.2704350948          0.0015124178 
        0.3833535314         -0.2719083130          0.0014654673 
        0.3975593150         -0.2744723558          0.0014488578 
        0.4117878675         -0.2748816907          0.0013923366 
        0.4259996414         -0.2772321999          0.0013840515 
        0.4401935339         -0.2775349319          0.0013364479 
        0.4543665051         -0.2787289023          0.0013145035 
        0.4684900045         -0.2790676355          0.0012795108 
        0.4826602936         -0.2779130638          0.0012238414 
        0.4968531132         -0.2782281041          0.0012050092 
        0.5110501051         -0.2772923708          0.0011655228 
        0.5252445340         -0.2758785784          0.0011242318 
        0.5394344926         -0.2740887702          0.0010831655 
        0.5536199808         -0.2715545893          0.0010357031 
        0.5677971244         -0.2684311867          0.0009857101 
        0.5819697380         -0.2642911375          0.0009259612 
        0.5960966945         -0.2601396143          0.0008753534 
        0.6102520227         -0.2558598220          0.0008296788 
        0.6244159341         -0.2498032600          0.0007584561 
        0.6385809183         -0.2440695316          0.0007028951 
        0.6527497172         -0.2372043878          0.0006331371 
        0.6669135690         -0.2298988551          0.0005629404 
        0.6810762286         -0.2215273231          0.0004783538 
        0.6952208281         -0.2137994468          0.0004139996 
        0.7092760205         -0.2053135931          0.0003351623 
        0.7233534455         -0.1967826933          0.0002566448 
        0.7374734282         -0.1886351407          0.0001868436 
        0.7516131997         -0.1806416810          0.0001140259 
        0.7657509446         -0.1733558923          0.0000535224 
        0.7798710465         -0.1667206436          0.0000019980 
        0.7937729955         -0.1608108878         -0.0000370198 
        0.8076182008         -0.1554062665         -0.0000629061 
        0.8215758204         -0.1502912343         -0.0000801951 
        0.8354482055         -0.1454615891         -0.0000883335 
        0.8490245938         -0.1409409642         -0.0000916216 
        0.8625231981         -0.1365455985         -0.0000888348 
        0.8762143254         -0.1321024150         -0.0000732857 
        0.8899691701         -0.1000543609          0.0000546617 
        0.9037760496         -0.0325619429          0.0006313330 
        0.9177469611          0.0021360205          0.0015343057 
        0.9314845204          0.0194616616          0.0023138842 
        0.9451167583          0.0346960835          0.0028130417 
        0.9587717056          0.0550114959          0.0030420006 
        0.9719279408          0.0825738460          0.0030460127 
        0.9840376973          0.1195415631          0.0028583549 
        0.9944905639          0.1713766009          0.0024561638 
        1.0000000000          0.2262268066          0.0019447362 

zone T= "0.000000" 
        1.0000000000          0.2236298025          0.0027595868 
        0.9944972992          0.2161116749          0.0028325419 
        0.9842088223          0.2245697677          0.0027477080 
        0.9721233845          0.2282653451          0.0027048213 
        0.9591490030          0.2282673419          0.0026946517 
        0.9458019137          0.2256460637          0.0027081433 
        0.9323746562          0.2197029144          0.0027539725 
        0.9185777307          0.2126168311          0.0028113821 
        0.9046568871          0.2045828253          0.0028792536 
        0.8906889558          0.1964311600          0.0029495510 
        0.8766668439          0.1879327595          0.0030246333 
        0.8625962138          0.1783891469          0.0031120924 
        0.8485191464          0.1698170006          0.0031908159 
        0.8344929218          0.1610283107          0.0032723893 
        0.8206474781          0.1514675319          0.0033625928 
        0.8068297505          0.1428569853          0.0034418141 
        0.7927931547          0.1333944052          0.0035272306 
        0.7787046432          0.1243328005          0.0036026761 
        0.7647905946          0.1143064350          0.0036797330 
        0.7508740425          0.1051776260          0.0037307683 
        0.7367253900          0.0959846377          0.0037532614 
        0.7225298882          0.0848259479          0.0037517394 
        0.7082740068          0.0763695464          0.0036378654 
        0.6940593719          0.0666167438          0.0034021870 
        0.6798879504          0.0587674007          0.0029094357 
        0.6657844782          0.0491364226          0.0020597284 
        0.6516457200          0.0222461149          0.0009150812 
        0.6375460625         -0.0554373525          0.0000462621 
        0.6234037280         -0.1117265895         -0.0001253379 
        0.6092425585         -0.1177747324         -0.0001319732 
        0.5950688720         -0.1235830039         -0.0001342125 
        0.5810421705         -0.1294966042         -0.0001330237 
        0.5670729280         -0.1359510273         -0.0001233012 
        0.5530961156         -0.1432937086         -0.0000939215 
        0.5389939547         -0.1516465396         -0.0000361946 
        0.5248782039         -0.1613484174          0.0000557902 
        0.5107891560         -0.1727309227          0.0001828586 
        0.4967036545         -0.1851339787          0.0003194736 
        0.4826433063         -0.1986928433          0.0004882922 
        0.4685902297         -0.2104083151          0.0006116239 
        0.4545654655         -0.2229971737          0.0007786928 
        0.4405582845         -0.2328351736          0.0009029123 
        0.4265249074         -0.2419242114          0.0010369237 
        0.4125118256         -0.2491723150          0.0011590760 
        0.3984962404         -0.2539365292          0.0012510485 
        0.3844834268         -0.2588166893          0.0013777930 
        0.3704789579         -0.2610609233          0.0014792426 
        0.3564499915         -0.2606546283          0.0015448718 
        0.3424169421         -0.2608541250          0.0016560237 
        0.3283955157         -0.2568325102          0.0016904398 
        0.3143304586         -0.2532959282          0.0017513989 
        0.3002967536         -0.2497590333          0.0018419076 
        0.2862543166         -0.2428093851          0.0018666819 
        0.2722045183         -0.2367065102          0.0019269334 
        0.2581107616         -0.2283257246          0.0019341632 
        0.2440361381         -0.2220237106          0.0020101876 
        0.2299456894         -0.2132434845          0.0020325617 
        0.2158412784         -0.2042788416          0.0020384246 
        0.2017695010         -0.1980931312          0.0021467332 
        0.1877197772         -0.1873735487          0.0021100848 
        0.1737403572         -0.1813015938          0.0022148832 
        0.1598018259         -0.1728570908          0.0022593671 
        0.1458735466         -0.1656517237          0.0023620035 
        0.1319422871         -0.1574990153          0.0024677329 
        0.1181220487         -0.1491515338          0.0026258947 
        0.1043865979         -0.1385088116          0.0027374087 
        0.0908781067         -0.1290217936          0.0030132483 
        0.0775191486         -0.1144311428          0.0033023593 
        0.0644125119         -0.0952069610          0.0035651354 
        0.0518477410         -0.0735432953          0.0040892954 
        0.0399019681         -0.0393912904          0.0047737560 
        0.0291823745          0.0104322713          0.0055630305 
        0.0205163863          0.0721769556          0.0065696761 
        0.0141463643          0.1514939070          0.0082058720 
        0.0096264342          0.2533795238          0.0093305381 
        0.0063714231          0.3671905696          0.0108041354 
        0.0039851228          0.5105237365          0.0122852204 
        0.0022315502          0.6797903180          0.0122195613 
        0.0010003676          0.8589724898          0.0106383273 
        0.0002599654          0.9916257262          0.0035748254 
        0.0001255892          1.0025125742          0.0000000000 
        0.0000018368          0.9609673023          0.0069825905 
        0.0001709456          0.7517380714          0.0168373827 
        0.0008052547          0.4608090520          0.0189077277 
        0.0019094408          0.1940640956          0.0195438936 
        0.0035290672          0.0124272890          0.0149032203 
        0.0057462878         -0.1186955795          0.0136791803 
        0.0087600099         -0.2036238015          0.0102512967 
        0.0129273068         -0.2535533905          0.0083638588 
        0.0187769849         -0.2911019623          0.0068738922 
        0.0268488713         -0.3038745821          0.0052036960 
        0.0371241495         -0.3120591044          0.0044893059 
        0.0489362888         -0.3113169372          0.0036788494 
        0.0616168268         -0.3078547418          0.0032151283 
        0.0747621581         -0.3076539636          0.0029762432 
        0.0882079452         -0.3055524528          0.0026848852 
        0.1018276513         -0.3045696914          0.0025098675 
        0.1156047061         -0.3046124279          0.0023775876 
        0.1294587851         -0.3043431640          0.0022432462 
        0.1433610320         -0.3055987358          0.0021669681 
        0.1573271155         -0.3056108057          0.0020535672 
        0.1713261604         -0.3075681329          0.0020086307 
        0.1853793114         -0.3099905252          0.0019621798 
        0.1994120330         -0.3103567064          0.0018646350 
        0.2134190947         -0.3129221201          0.0018403365 
        0.2273777276         -0.3133258522          0.0017590855 
        0.2414023280         -0.3154457808          0.0017331571 
        0.2555359304         -0.3178713620          0.0017077180 
        0.2697102427         -0.3175566792          0.0016220502 
        0.2838938534         -0.3201459944          0.0016178187 
        0.2980772257         -0.3209598660          0.0015677888 
        0.3122941554         -0.3219893277          0.0015307378 
        0.3264755011         -0.3228170276          0.0014940457 
        0.3407142460         -0.3236929774          0.0014625659 
        0.3549101651         -0.3244135380          0.0014312005 
        0.3691297472         -0.3256155849          0.0014119766 
        0.3833535314         -0.3251751959          0.0013620239 
        0.3975593150         -0.3262662590          0.0013496310 
        0.4117878675         -0.3250479102          0.0012934649 
        0.4259996414         -0.3258298934          0.0012843413 
        0.4401935339         -0.3245783448          0.0012367168 
        0.4543665051         -0.3245027065          0.0012182671 
        0.4684900045         -0.3232882023          0.0011804884 
        0.4826602936         -0.3208449185          0.0011269769 
        0.4968531132         -0.3197409511          0.0011059687 
        0.5110501051         -0.3175321817          0.0010671873 
        0.5252445340         -0.3147188723          0.0010235214 
        0.5394344926         -0.3116660118          0.0009821113 
        0.5536199808         -0.3079161644          0.0009344164 
        0.5677971244         -0.3034463227          0.0008810402 
        0.5819697380         -0.2981689572          0.0008211150 
        0.5960966945         -0.2928287685          0.0007681565 
        0.6102520227         -0.2872888148          0.0007182537 
        0.6244159341         -0.2801589370          0.0006452085 
        0.6385809183         -0.2733293474          0.0005861177 
        0.6527497172         -0.2654812932          0.0005130512 
        0.6669135690         -0.2573078275          0.0004394348 
        0.6810762286         -0.2484217733          0.0003545587 
        0.6952208281         -0.2401745766          0.0002871566 
        0.7092760205         -0.2316659242          0.0002106027 
        0.7233534455         -0.2234840393          0.0001377001 
        0.7374734282         -0.2159524262          0.0000768462 
        0.7516131997         -0.2089505941          0.0000202261 
        0.7657509446         -0.2026513070         -0.0000215274 
        0.7798710465         -0.1968839318         -0.0000520715 
        0.7937729955         -0.1915824413         -0.0000713484 
        0.8076182008         -0.1865531355         -0.0000806818 
        0.8215758204         -0.1816677153         -0.0000831400 
        0.8354482055         -0.1769167483         -0.0000741954 
        0.8490245938         -0.1723028570         -0.0000442291 
        0.8625231981         -0.1091010645          0.0002721663 
        0.8762143254         -0.0570043065          0.0011044041 
        0.8899691701         -0.0344107710          0.0020541095 
        0.9037760496         -0.0213801321          0.0027765993 
        0.9177469611         -0.0101219891          0.0032410098 
        0.9314845204          0.0037687575          0.0034727091 
        0.9451167583          0.0213416759          0.0035416805 
        0.9587717056          0.0451905057          0.0034714956 
        0.9719279408          0.0762187317          0.0032811256 
        0.9840376973          0.1159116849          0.0029753542 
        0.9944905639          0.1696155369          0.0025095451 
        1.0000000000          0.2236298025          0.0020006925 

zone T= "1.000000" 
        1.0000000000          0.2170426250          0.0029088957 
        0.9944972992          0.2111749202          0.0029709879 
        0.9842088223          0.2227755189          0.0028592160 
        0.9721233845          0.2285121232          0.0028010816 
        0.9591490030          0.2300331593          0.0027812091 
        0.9458019137          0.2285947949          0.0027885619 
        0.9323746562          0.2237056643          0.0028300567 
        0.9185777307          0.2175762802          0.0028844562 
        0.9046568871          0.2104570270          0.0029500367 
        0.8906889558          0.2031958699          0.0030183885 
        0.8766668439          0.1955667287          0.0030918787 
        0.8625962138          0.1869012415          0.0031779292 
        0.8485191464          0.1791751236          0.0032552113 
        0.8344929218          0.1712469757          0.0033348044 
        0.8206474781          0.1626697183          0.0034210191 
        0.8068297505          0.1549344808          0.0034957153 
        0.7927931547          0.1465001255          0.0035726316 
        0.7787046432          0.1385760903          0.0036337243 
        0.7647905946          0.1296954006          0.0036893222 
        0.7508740425          0.1219312474          0.0037036594 
        0.7367253900          0.1142923385          0.0036648847 
        0.7225298882          0.1051638052          0.0035582832 
        0.7082740068          0.0990043730          0.0032657948 
        0.6940593719          0.0915429741          0.0027349060 
        0.6798879504          0.0822145790          0.0018238964 
        0.6657844782          0.0519284643          0.0006839785 
        0.6516457200         -0.0348414853         -0.0000393136 
        0.6375460625         -0.0628461987         -0.0001214212 
        0.6234037280         -0.0686730593         -0.0001268697 
        0.6092425585         -0.0744605437         -0.0001283329 
        0.5950688720         -0.0805185959         -0.0001252231 
        0.5810421705         -0.0870940015         -0.0001119550 
        0.5670729280         -0.0944536030         -0.0000801254 
        0.5530961156         -0.1027174145         -0.0000168161 
        0.5389939547         -0.1123739108          0.0000749896 
        0.5248782039         -0.1234374195          0.0001915590 
        0.5107891560         -0.1356914639          0.0003318188 
        0.4967036545         -0.1479220092          0.0004660011 
        0.4826433063         -0.1607370079          0.0006289494 
        0.4685902297         -0.1710902303          0.0007438049 
        0.4545654655         -0.1820185184          0.0008994149 
        0.4405582845         -0.1901662648          0.0010165356 
        0.4265249074         -0.1973466575          0.0011404445 
        0.4125118256         -0.2028947920          0.0012593970 
        0.3984962404         -0.2057181895          0.0013427910 
        0.3844834268         -0.2088390887          0.0014672073 
        0.3704789579         -0.2093062401          0.0015677515 
        0.3564499915         -0.2068423182          0.0016247046 
        0.3424169421         -0.2053259611          0.0017385561 
        0.3283955157         -0.1993575692          0.0017688592 
        0.3143304586         -0.1939232349          0.0018286030 
        0.3002967536         -0.1884349287          0.0019204571 
        0.2862543166         -0.1794403344          0.0019436652 
        0.2722045183         -0.1713224351          0.0020080269 
        0.2581107616         -0.1607504487          0.0020162445 
        0.2440361381         -0.1519804746          0.0020915102 
        0.2299456894         -0.1409650296          0.0021252830 
        0.2158412784         -0.1290928572          0.0021271037 
        0.2017695010         -0.1199062243          0.0022377991 
        0.1877197772         -0.1063967273          0.0022159372 
        0.1737403572         -0.0964594632          0.0023165874 
        0.1598018259         -0.0843277052          0.0023740616 
        0.1458735466         -0.0724750310          0.0024742307 
        0.1319422871         -0.0594403036          0.0025895233 
        0.1181220487         -0.0452436432          0.0027482372 
        0.1043865979         -0.0282325279          0.0028778210 
        0.0908781067         -0.0105406046          0.0031432696 
        0.0775191486          0.0132488655          0.0034388572 
        0.0644125119          0.0436048731          0.0037008137 
        0.0518477410          0.0789778829          0.0042038048 
        0.0399019681          0.1301121265          0.0048687980 
        0.0291823745          0.2002067268          0.0055533662 
        0.0205163863          0.2858319879          0.0065669212 
        0.0141463643          0.3888631463          0.0076087127 
        0.0096264342          0.5068408251          0.0086327810 
        0.0063714231          0.6319798231          0.0089644268 
        0.0039851228          0.7700688839          0.0094745196 
        0.0022315502          0.9032847285          0.0071317474 
        0.0010003676          0.9956895113          0.0026575602 
        0.0007613168          1.0025125742          0.0000000000 
        0.0002599654          0.9530528188          0.0071534230 
        0.0000018368          0.7053018212          0.0202613920 
        0.0001709456          0.3084613979          0.0255932622 
        0.0008052547         -0.0664966628          0.0260024909 
        0.0019094408         -0.3545772135          0.0225238390 
        0.0035290672         -0.4906561375          0.0159076378 
        0.0057462878         -0.5723912120          0.0138250031 
        0.0087600099         -0.6034289598          0.0098724933 
        0.0129273068         -0.5997054577          0.0075976150 
        0.0187769849         -0.5866392851          0.0061178091 
        0.0268488713         -0.5545430779          0.0044869045 
        0.0371241495         -0.5258091688          0.0038390872 
        0.0489362888         -0.4971494675          0.0031456358 
        0.0616168268         -0.4727332294          0.0027443641 
        0.0747621581         -0.4560503960          0.0025567359 
        0.0882079452         -0.4411055744          0.0023224677 
        0.1018276513         -0.4297227263          0.0021847121 
        0.1156047061         -0.4207473099          0.0020751934 
        0.1294587851         -0.4134282470          0.0019801876 
        0.1433610320         -0.4083955884          0.0019232265 
        0.1573271155         -0.4025601149          0.0018201496 
        0.1713261604         -0.3998697996          0.0017985749 
        0.1853793114         -0.3980095983          0.0017670114 
        0.1994120330         -0.3942963779          0.0016776947 
        0.2134190947         -0.3932697475          0.0016620099 
        0.2273777276         -0.3905858397          0.0015944894 
        0.2414023280         -0.3897430003          0.0015748641 
        0.2555359304         -0.3894228935          0.0015563953 
        0.2697102427         -0.3863100111          0.0014734518 
        0.2838938534         -0.3864797652          0.0014742460 
        0.2980772257         -0.3849966824          0.0014298474 
        0.3122941554         -0.3838081360          0.0013960908 
        0.3264755011         -0.3826962709          0.0013655203 
        0.3407142460         -0.3813646436          0.0013319505 
        0.3549101651         -0.3802670240          0.0013052936 
        0.3691297472         -0.3796741366          0.0012886737 
        0.3833535314         -0.3776093125          0.0012434823 
        0.3975593150         -0.3769840598          0.0012309861 
        0.4117878675         -0.3742148280          0.0011779785 
        0.4259996414         -0.3734163344          0.0011686875 
        0.4401935339         -0.3707984388          0.0011248795 
        0.4543665051         -0.3691894114          0.0011049540 
        0.4684900045         -0.3664920032          0.0010666515 
        0.4826602936         -0.3628579378          0.0010171833 
        0.4968531132         -0.3602958322          0.0009933877 
        0.5110501051         -0.3569109142          0.0009569603 
        0.5252445340         -0.3529197574          0.0009143412 
        0.5394344926         -0.3486885428          0.0008728784 
        0.5536199808         -0.3437710702          0.0008244846 
        0.5677971244         -0.3383437097          0.0007731313 
        0.5819697380         -0.3320788443          0.0007131310 
        0.5960966945         -0.3258773685          0.0006610244 
        0.6102520227         -0.3195566237          0.0006121495 
        0.6244159341         -0.3119170964          0.0005431506 
        0.6385809183         -0.3046422899          0.0004872962 
        0.6527497172         -0.2966564596          0.0004209280 
        0.6669135690         -0.2886120379          0.0003567753 
        0.6810762286         -0.2802585065          0.0002870610 
        0.6952208281         -0.2726908326          0.0002370114 
        0.7092760205         -0.2651530206          0.0001846177 
        0.7233534455         -0.2580282688          0.0001411046 
        0.7374734282         -0.2515420020          0.0001152590 
        0.7516131997         -0.2455125600          0.0001016081 
        0.7657509446         -0.2404904813          0.0001197009 
        0.7798710465         -0.2224011719          0.0002572577 
        0.7937729955         -0.1753794253          0.0008027661 
        0.8076182008         -0.1418918669          0.0016772973 
        0.8215758204         -0.1221281216          0.0025467107 
        0.8354482055         -0.1100751385          0.0032085464 
        0.8490245938         -0.0981644914          0.0036089548 
        0.8625231981         -0.0860754251          0.0038347514 
        0.8762143254         -0.0742799416          0.0039549633 
        0.8899691701         -0.0614785887          0.0039892332 
        0.9037760496         -0.0457143560          0.0039433865 
        0.9177469611         -0.0295602027          0.0038663722 
        0.9314845204         -0.0108051142          0.0037431668 
        0.9451167583          0.0110084228          0.0035801269 
        0.9587717056          0.0386722051          0.0033560388 
        0.9719279408          0.0731082261          0.0030659668 
        0.9840376973          0.1149923429          0.0027050246 
        0.9944905639          0.1682932824          0.0022308819 
        1.0000000000          0.2170426250          0.0017770942 

zone T= "2.000000" 
        1.0000000000          0.2063468099          0.0030907656 
        0.9944972992          0.2018840015          0.0031455378 
        0.9842088223          0.2180019468          0.0029934756 
        0.9721233845          0.2264526337          0.0029140427 
        0.9591490030          0.2299085259          0.0028809889 
        0.9458019137          0.2299251258          0.0028801155 
        0.9323746562          0.2262817919          0.0029159407 
        0.9185777307          0.2212600112          0.0029663646 
        0.9046568871          0.2151730508          0.0030289539 
        0.8906889558          0.2088728547          0.0030950462 
        0.8766668439          0.2022334933          0.0031659079 
        0.8625962138          0.1945222467          0.0032497298 
        0.8485191464          0.1877327710          0.0033241725 
        0.8344929218          0.1807665229          0.0033995840 
        0.8206474781          0.1732384712          0.0034789159 
        0.8068297505          0.1664479226          0.0035445697 
        0.7927931547          0.1591714919          0.0036048715 
        0.7787046432          0.1525240093          0.0036385013 
        0.7647905946          0.1450125724          0.0036507291 
        0.7508740425          0.1389023215          0.0035915887 
        0.7367253900          0.1332906038          0.0034267171 
        0.7225298882          0.1265488267          0.0031065741 
        0.7082740068          0.1221459433          0.0024669578 
        0.6940593719          0.1102270782          0.0014863013 
        0.6798879504          0.0700096786          0.0004030545 
        0.6657844782         -0.0116178924         -0.0000924541 
        0.6516457200         -0.0174944308         -0.0001148616 
        0.6375460625         -0.0232198425         -0.0001211046 
        0.6234037280         -0.0289526526         -0.0001202527 
        0.6092425585         -0.0350864977         -0.0001138693 
        0.5950688720         -0.0418346934         -0.0000966347 
        0.5810421705         -0.0492128879         -0.0000599349 
        0.5670729280         -0.0574520454          0.0000025738 
        0.5530961156         -0.0669909790          0.0000970354 
        0.5389939547         -0.0777731687          0.0002084170 
        0.5248782039         -0.0893742293          0.0003330800 
        0.5107891560         -0.1014273614          0.0004716042 
        0.4967036545         -0.1127369627          0.0005979120 
        0.4826433063         -0.1243212223          0.0007527415 
        0.4685902297         -0.1330128610          0.0008557365 
        0.4545654655         -0.1423768103          0.0010048621 
        0.4405582845         -0.1487388760          0.0011126259 
        0.4265249074         -0.1542673707          0.0012321335 
        0.4125118256         -0.1579823941          0.0013434085 
        0.3984962404         -0.1591853201          0.0014242458 
        0.3844834268         -0.1605180055          0.0015445040 
        0.3704789579         -0.1590217054          0.0016356582 
        0.3564499915         -0.1551916301          0.0016982661 
        0.3424169421         -0.1516066641          0.0018037077 
        0.3283955157         -0.1440366209          0.0018347874 
        0.3143304586         -0.1367664039          0.0018916668 
        0.3002967536         -0.1293929219          0.0019820626 
        0.2862543166         -0.1186661720          0.0020083077 
        0.2722045183         -0.1085606888          0.0020747283 
        0.2581107616         -0.0956514776          0.0020714768 
        0.2440361381         -0.0851065144          0.0021586884 
        0.2299456894         -0.0716596097          0.0021899010 
        0.2158412784         -0.0575387962          0.0021993045 
        0.2017695010         -0.0453516915          0.0023041130 
        0.1877197772         -0.0292351320          0.0022897716 
        0.1737403572         -0.0160789452          0.0023957537 
        0.1598018259         -0.0002202227          0.0024455807 
        0.1458735466          0.0153370863          0.0025550374 
        0.1319422871          0.0328723527          0.0026757403 
        0.1181220487          0.0524118878          0.0028325403 
        0.1043865979          0.0753648281          0.0029471847 
        0.0908781067          0.0994601324          0.0032163514 
        0.0775191486          0.1312030852          0.0035102337 
        0.0644125119          0.1709814668          0.0037428639 
        0.0518477410          0.2175108194          0.0042464184 
        0.0399019681          0.2822012901          0.0047707269 
        0.0291823745          0.3675740659          0.0055108084 
        0.0205163863          0.4684919417          0.0060198307 
        0.0141463643          0.5835810900          0.0071585625 
        0.0096264342          0.7048783898          0.0069183456 
        0.0063714231          0.8236065507          0.0072750705 
        0.0039851228          0.9301472306          0.0052012973 
        0.0022315502          0.9983924627          0.0018123526 
        0.0019105481          1.0025125742          0.0000000000 
        0.0010003676          0.9606811404          0.0057742880 
        0.0002599654          0.7059885263          0.0208750386 
        0.0000018368          0.2263351977          0.0295533873 
        0.0001709456         -0.3338773847          0.0378470421 
        0.0008052547         -0.7634214163          0.0288038459 
        0.0019094408         -1.0176453590          0.0259325970 
        0.0035290672         -1.0899074078          0.0156233981 
        0.0057462878         -1.0930012465          0.0128685143 
        0.0087600099         -1.0496189594          0.0085503375 
        0.0129273068         -0.9794511795          0.0061334590 
        0.0187769849         -0.9069515467          0.0047913427 
        0.0268488713         -0.8222575784          0.0032626791 
        0.0371241495         -0.7518284321          0.0028267254 
        0.0489362888         -0.6913930774          0.0022965139 
        0.0616168268         -0.6435077786          0.0020250373 
        0.0747621581         -0.6087698936          0.0019418082 
        0.0882079452         -0.5799224377          0.0017984390 
        0.1018276513         -0.5573315620          0.0017246593 
        0.1156047061         -0.5387620926          0.0016584970 
        0.1294587851         -0.5237821937          0.0016139827 
        0.1433610320         -0.5118966103          0.0015872734 
        0.1573271155         -0.5002138019          0.0015141515 
        0.1713261604         -0.4925006926          0.0015192741 
        0.1853793114         -0.4856583774          0.0014993119 
        0.1994120330         -0.4782017171          0.0014398766 
        0.2134190947         -0.4733343124          0.0014337065 
        0.2273777276         -0.4673630595          0.0013816628 
        0.2414023280         -0.4632000625          0.0013675892 
        0.2555359304         -0.4597801268          0.0013563036 
        0.2697102427         -0.4543024898          0.0012919059 
        0.2838938534         -0.4518200755          0.0012954654 
        0.2980772257         -0.4479574263          0.0012582504 
        0.3122941554         -0.4446013868          0.0012318421 
        0.3264755011         -0.4410770535          0.0012003606 
        0.3407142460         -0.4380748868          0.0011791838 
        0.3549101651         -0.4349942803          0.0011543138 
        0.3691297472         -0.4324576259          0.0011388973 
        0.3833535314         -0.4287446737          0.0010996197 
        0.3975593150         -0.4262923896          0.0010867978 
        0.4117878675         -0.4222129583          0.0010426764 
        0.4259996414         -0.4196760356          0.0010309628 
        0.4401935339         -0.4157751501          0.0009931811 
        0.4543665051         -0.4127586484          0.0009745752 
        0.4684900045         -0.4088693559          0.0009405806 
        0.4826602936         -0.4040745497          0.0008943457 
        0.4968531132         -0.4003912508          0.0008727370 
        0.5110501051         -0.3960690200          0.0008407609 
        0.5252445340         -0.3912433386          0.0008027946 
        0.5394344926         -0.3863662183          0.0007675446 
        0.5536199808         -0.3810832798          0.0007283363 
        0.5677971244         -0.3755910695          0.0006890213 
        0.5819697380         -0.3697314560          0.0006466574 
        0.5960966945         -0.3645268381          0.0006192046 
        0.6102520227         -0.3602258861          0.0006088995 
        0.6244159341         -0.3564750850          0.0006066076 
        0.6385809183         -0.3479677439          0.0007401493 
        0.6527497172         -0.3217753470          0.0012641643 
        0.6669135690         -0.2955894768          0.0021529619 
        0.6810762286         -0.2756919563          0.0030827720 
        0.6952208281         -0.2642655373          0.0038449422 
        0.7092760205         -0.2528326511          0.0043148901 
        0.7233534455         -0.2412608117          0.0045735538 
        0.7374734282         -0.2306493670          0.0047055450 
        0.7516131997         -0.2177130878          0.0047219070 
        0.7657509446         -0.2052272558          0.0046913652 
        0.7798710465         -0.1917481124          0.0046178047 
        0.7937729955         -0.1776661575          0.0045193955 
        0.8076182008         -0.1642839909          0.0044198749 
        0.8215758204         -0.1491561532          0.0042972672 
        0.8354482055         -0.1354878843          0.0041897534 
        0.8490245938         -0.1200026125          0.0040623369 
        0.8625231981         -0.1043512598          0.0039359680 
        0.8762143254         -0.0891555995          0.0038182328 
        0.8899691701         -0.0732609704          0.0036964284 
        0.9037760496         -0.0546124764          0.0035503330 
        0.9177469611         -0.0356614813          0.0034070676 
        0.9314845204         -0.0142283253          0.0032430850 
        0.9451167583          0.0101482449          0.0030556046 
        0.9587717056          0.0401284993          0.0028202869 
        0.9719279408          0.0762336999          0.0025316987 
        0.9840376973          0.1178716794          0.0021934626 
        0.9944905639          0.1664914340          0.0017860970 
        1.0000000000          0.2063468099          0.0014352561 

zone T= "3.000000" 
        1.0000000000          0.1774193496          0.0034033100 
        0.9944972992          0.1736600697          0.0034627414 
        0.9842088223          0.1990824193          0.0032234716 
        0.9721233845          0.2127572000          0.0030992937 
        0.9591490030          0.2197310477          0.0030385011 
        0.9458019137          0.2222532630          0.0030197185 
        0.9323746562          0.2205985337          0.0030428467 
        0.9185777307          0.2172375917          0.0030836742 
        0.9046568871          0.2126409560          0.0031379801 
        0.8906889558          0.2076860219          0.0031964451 
        0.8766668439          0.2023252696          0.0032592220 
        0.8625962138          0.1958730370          0.0033337388 
        0.8485191464          0.1902938634          0.0033963793 
        0.8344929218          0.1845246851          0.0034559802 
        0.8206474781          0.1782989353          0.0035121641 
        0.8068297505          0.1727762520          0.0035447681 
        0.7927931547          0.1669627428          0.0035531062 
        0.7787046432          0.1619942784          0.0035043224 
        0.7647905946          0.1563874930          0.0033879080 
        0.7508740425          0.1524001956          0.0031226748 
        0.7367253900          0.1487099081          0.0026284670 
        0.7225298882          0.1408931762          0.0018422042 
        0.7082740068          0.1199144349          0.0008065812 
        0.6940593719          0.0605682842          0.0000845571 
        0.6798879504          0.0248891264         -0.0000919427 
        0.6657844782          0.0192398075         -0.0001085707 
        0.6516457200          0.0136084799         -0.0001117284 
        0.6375460625          0.0078015216         -0.0001110509 
        0.6234037280          0.0016143813         -0.0000991358 
        0.6092425585         -0.0051942882         -0.0000761987 
        0.5950688720         -0.0126518700         -0.0000357463 
        0.5810421705         -0.0209430419          0.0000286250 
        0.5670729280         -0.0303004961          0.0001152225 
        0.5530961156         -0.0408271588          0.0002267533 
        0.5389939547         -0.0519060232          0.0003420471 
        0.5248782039         -0.0631513596          0.0004628921 
        0.5107891560         -0.0744247735          0.0005959657 
        0.4967036545         -0.0844397619          0.0007113476 
        0.4826433063         -0.0947397128          0.0008603156 
        0.4685902297         -0.1017745212          0.0009517751 
        0.4545654655         -0.1097254008          0.0010974895 
        0.4405582845         -0.1144534051          0.0011981835 
        0.4265249074         -0.1182400510          0.0013081150 
        0.4125118256         -0.1206335798          0.0014217470 
        0.3984962404         -0.1200477704          0.0014934443 
        0.3844834268         -0.1197816804          0.0016100049 
        0.3704789579         -0.1167162061          0.0016984922 
        0.3564499915         -0.1112889126          0.0017572975 
        0.3424169421         -0.1061776504          0.0018641093 
        0.3283955157         -0.0968670845          0.0018889897 
        0.3143304586         -0.0879585519          0.0019423026 
        0.3002967536         -0.0790412501          0.0020354595 
        0.2862543166         -0.0665884838          0.0020596317 
        0.2722045183         -0.0545760505          0.0021197041 
        0.2581107616         -0.0402715132          0.0021274688 
        0.2440361381         -0.0274050497          0.0022033611 
        0.2299456894         -0.0122699430          0.0022458143 
        0.2158412784          0.0043142186          0.0022419742 
        0.2017695010          0.0184696428          0.0023614881 
        0.1877197772          0.0373155400          0.0023367628 
        0.1737403572          0.0530051216          0.0024522552 
        0.1598018259          0.0720661804          0.0024909517 
        0.1458735466          0.0906860456          0.0026102669 
        0.1319422871          0.1121526510          0.0027226477 
        0.1181220487          0.1358598918          0.0028773665 
        0.1043865979          0.1634808481          0.0029874200 
        0.0908781067          0.1930420846          0.0032394950 
        0.0775191486          0.2308415174          0.0035240585 
        0.0644125119          0.2778753936          0.0037481051 
        0.0518477410          0.3327336311          0.0041501028 
        0.0399019681          0.4065513611          0.0047208830 
        0.0291823745          0.5011700988          0.0050962567 
        0.0205163863          0.6106671691          0.0057887076 
        0.0141463643          0.7265057564          0.0058359029 
        0.0096264342          0.8408062458          0.0059210472 
        0.0063714231          0.9355772734          0.0042829504 
        0.0039851228          0.9970363379          0.0017906411 
        0.0034043042          1.0025125742          0.0000000000 
        0.0022315502          0.9770981669          0.0038573341 
        0.0010003676          0.7895205617          0.0158745479 
        0.0002599654          0.3059441149          0.0299591478 
        0.0000018368         -0.3912394047          0.0431509912 
        0.0001709456         -1.0955458879          0.0435623974 
        0.0008052547         -1.5315138102          0.0339168012 
        0.0019094408         -1.7267904282          0.0259333085 
        0.0035290672         -1.6999205351          0.0145636443 
        0.0057462878         -1.6177099943          0.0110374978 
        0.0087600099         -1.4952533245          0.0064397780 
        0.0129273068         -1.3531320095          0.0037450830 
        0.0187769849         -1.2175654173          0.0026586901 
        0.0268488713         -1.0824575424          0.0014058610 
        0.0371241495         -0.9694962502          0.0012109521 
        0.0489362888         -0.8779351115          0.0009848888 
        0.0616168268         -0.8069604039          0.0009438165 
        0.0747621581         -0.7539448738          0.0010444596 
        0.0882079452         -0.7120717168          0.0010824528 
        0.1018276513         -0.6801109314          0.0011608922 
        0.1156047061         -0.6584810019          0.0013236635 
        0.1294587851         -0.6312249899          0.0020379070 
        0.1433610320         -0.5861979127          0.0042446624 
        0.1573271155         -0.5627087355          0.0059482516 
        0.1713261604         -0.5541214347          0.0070431661 
        0.1853793114         -0.5482521057          0.0072815674 
        0.1994120330         -0.5388653874          0.0071499459 
        0.2134190947         -0.5336691737          0.0069932491 
        0.2273777276         -0.5252687931          0.0067780870 
        0.2414023280         -0.5201313496          0.0066192099 
        0.2555359304         -0.5153261423          0.0064753746 
        0.2697102427         -0.5060397387          0.0062920055 
        0.2838938534         -0.5032954216          0.0062078116 
        0.2980772257         -0.4965088665          0.0060808430 
        0.3122941554         -0.4912649989          0.0059839915 
        0.3264755011         -0.4862969518          0.0058974777 
        0.3407142460         -0.4810773432          0.0058136508 
        0.3549101651         -0.4763955474          0.0057409955 
        0.3691297472         -0.4724260569          0.0056796339 
        0.3833535314         -0.4664804637          0.0055989902 
        0.3975593150         -0.4631631970          0.0055513433 
        0.4117878675         -0.4563975632          0.0054675722 
        0.4259996414         -0.4532384574          0.0054269470 
        0.4401935339         -0.4469298124          0.0053533120 
        0.4543665051         -0.4430166483          0.0053083501 
        0.4684900045         -0.4372006655          0.0052444478 
        0.4826602936         -0.4301209450          0.0051704100 
        0.4968531132         -0.4253521860          0.0051234988 
        0.5110501051         -0.4191552699          0.0050631347 
        0.5252445340         -0.4123195410          0.0049986318 
        0.5394344926         -0.4054459035          0.0049363170 
        0.5536199808         -0.3977407217          0.0048681172 
        0.5677971244         -0.3895099759          0.0047975029 
        0.5819697380         -0.3800570667          0.0047178296 
        0.5960966945         -0.3711638451          0.0046469420 
        0.6102520227         -0.3624085486          0.0045800023 
        0.6244159341         -0.3509162366          0.0044891261 
        0.6385809183         -0.3408107460          0.0044151931 
        0.6527497172         -0.3289451897          0.0043270737 
        0.6669135690         -0.3167526722          0.0042391033 
        0.6810762286         -0.3027731180          0.0041375109 
        0.6952208281         -0.2907207608          0.0040574209 
        0.7092760205         -0.2766959071          0.0039611408 
        0.7233534455         -0.2620014250          0.0038617686 
        0.7374734282         -0.2479733080          0.0037715479 
        0.7516131997         -0.2324121743          0.0036697956 
        0.7657509446         -0.2171953619          0.0035738656 
        0.7798710465         -0.2013848722          0.0034748376 
        0.7937729955         -0.1852814406          0.0033747484 
        0.8076182008         -0.1696702987          0.0032809912 
        0.8215758204         -0.1528260857          0.0031784875 
        0.8354482055         -0.1368752867          0.0030854782 
        0.8490245938         -0.1197806671          0.0029829242 
        0.8625231981         -0.1024747938          0.0028799549 
        0.8762143254         -0.0851739272          0.0027793006 
        0.8899691701         -0.0670825765          0.0026734744 
        0.9037760496         -0.0467669293          0.0025502082 
        0.9177469611         -0.0256671272          0.0024226473 
        0.9314845204         -0.0025545456          0.0022788064 
        0.9451167583          0.0228667632          0.0021168909 
        0.9587717056          0.0521653518          0.0019243364 
        0.9719279408          0.0846336558          0.0017050069 
        0.9840376973          0.1183289140          0.0014722890 
        0.9944905639          0.1525048316          0.0012283272 
        1.0000000000          0.1774193496          0.0010399288 

zone T= "4.000000" 
        1.0000000000          0.1663843840          0.0036000267 
        0.9944972992          0.1634657234          0.0036610961 
        0.9842088223          0.1943567246          0.0033691714 
        0.9721233845          0.2109435648          0.0032212008 
        0.9591490030          0.2199979126          0.0031456775 
        0.9458019137          0.2240155190          0.0031183383 
        0.9323746562          0.2236790806          0.0031349820 
        0.9185777307          0.2215051651          0.0031705450 
        0.9046568871          0.2180228084          0.0032198334 
        0.8906889558          0.2141371518          0.0032725686 
        0.8766668439          0.2098731548          0.0033273902 
        0.8625962138          0.2044945955          0.0033914803 
        0.8485191464          0.2000453174          0.0034377084 
        0.8344929218          0.1954261214          0.0034725806 
        0.8206474781          0.1905744523          0.0034887025 
        0.8068297505          0.1863747090          0.0034604494 
        0.7927931547          0.1822792739          0.0033663744 
        0.7787046432          0.1793151945          0.0031493758 
        0.7647905946          0.1756758392          0.0027679198 
        0.7508740425          0.1721525192          0.0021080261 
        0.7367253900          0.1603674591          0.0011700086 
        0.7225298882          0.1213753670          0.0003217812 
        0.7082740068          0.0709142089         -0.0000499715 
        0.6940593719          0.0654407740         -0.0000849089 
        0.6798879504          0.0599287711         -0.0000959459 
        0.6657844782          0.0543183610         -0.0000975066 
        0.6516457200          0.0484181084         -0.0000899129 
        0.6375460625          0.0421206318         -0.0000780351 
        0.6234037280          0.0353120416         -0.0000447575 
        0.6092425585          0.0277872551          0.0000023114 
        0.5950688720          0.0194171742          0.0000655209 
        0.5810421705          0.0101826927          0.0001486917 
        0.5670729280          0.0002060623          0.0002456451 
        0.5530961156         -0.0104119759          0.0003585090 
        0.5389939547         -0.0209420733          0.0004685963 
        0.5248782039         -0.0312415715          0.0005820876 
        0.5107891560         -0.0412694849          0.0007059430 
        0.4967036545         -0.0499059819          0.0008139751 
        0.4826433063         -0.0586947352          0.0009552056 
        0.4685902297         -0.0641091242          0.0010379823 
        0.4545654655         -0.0705446824          0.0011795736 
        0.4405582845         -0.0735569522          0.0012714419 
        0.4265249074         -0.0757587329          0.0013760041 
        0.4125118256         -0.0766565353          0.0014879789 
        0.3984962404         -0.0743539706          0.0015510820 
        0.3844834268         -0.0725311264          0.0016640003 
        0.3704789579         -0.0680502951          0.0017538499 
        0.3564499915         -0.0608589239          0.0018036463 
        0.3424169421         -0.0542891100          0.0019120881 
        0.3283955157         -0.0432663821          0.0019282883 
        0.3143304586         -0.0331330523          0.0019903425 
        0.3002967536         -0.0221717320          0.0020716647 
        0.2862543166         -0.0082284696          0.0020964236 
        0.2722045183          0.0054824739          0.0021545296 
        0.2581107616          0.0214616116          0.0021598332 
        0.2440361381          0.0360094346          0.0022412895 
        0.2299456894          0.0532822013          0.0022757568 
        0.2158412784          0.0715692341          0.0022831366 
        0.2017695010          0.0884065330          0.0023895525 
        0.1877197772          0.1092918888          0.0023728441 
        0.1737403572          0.1278583556          0.0024747369 
        0.1598018259          0.1492806822          0.0025341755 
        0.1458735466          0.1716751754          0.0026273434 
        0.1319422871          0.1963285357          0.0027402169 
        0.1181220487          0.2238534838          0.0029041418 
        0.1043865979          0.2562749982          0.0029874349 
        0.0908781067          0.2906899750          0.0032282502 
        0.0775191486          0.3341313303          0.0034815802 
        0.0644125119          0.3869337738          0.0036697944 
        0.0518477410          0.4495795965          0.0040856563 
        0.0399019681          0.5292750001          0.0043081054 
        0.0291823745          0.6299322844          0.0049748197 
        0.0205163863          0.7400149703          0.0046808687 
        0.0141463643          0.8498803973          0.0050983317 
        0.0096264342          0.9414785504          0.0034397047 
        0.0063714231          0.9966702461          0.0015940776 
        0.0054902914          1.0025125742          0.0000000000 
        0.0039851228          0.9840468168          0.0028341899 
        0.0022315502          0.8396994472          0.0120449197 
        0.0010003676          0.4504784346          0.0242616944 
        0.0002599654         -0.3199630082          0.0460508615 
        0.0000018368         -1.2660437822          0.0517108440 
        0.0001709456         -2.1160860062          0.0554208979 
        0.0008052547         -2.5114369392          0.0341355018 
        0.0019094408         -2.5995092392          0.0267165825 
        0.0035290672         -2.4404213428          0.0113657387 
        0.0057462878         -2.2280650139          0.0064469711 
        0.0087600099         -2.0048553944          0.0013788048 
        0.0129273068         -1.8137571812         -0.0009870743 
        0.0187769849         -1.6658724546         -0.0011351116 
        0.0268488713         -1.5524932146         -0.0009250264 
        0.0371241495         -1.1642478704          0.0049010227 
        0.0489362888         -1.0362626314          0.0089478139 
        0.0616168268         -0.9532829523          0.0095176166 
        0.0747621581         -0.8916470408          0.0091829887 
        0.0882079452         -0.8377358913          0.0085162893 
        0.1018276513         -0.7954285741          0.0079782801 
        0.1156047061         -0.7597975731          0.0075484798 
        0.1294587851         -0.7297728658          0.0072135283 
        0.1433610320         -0.7054785490          0.0069643501 
        0.1573271155         -0.6817362309          0.0067289299 
        0.1713261604         -0.6648718119          0.0065817460 
        0.1853793114         -0.6488164663          0.0064400253 
        0.1994120330         -0.6326081157          0.0062953182 
        0.2134190947         -0.6210240126          0.0062032365 
        0.2273777276         -0.6071681380          0.0060816738 
        0.2414023280         -0.5978393555          0.0060106283 
        0.2555359304         -0.5890058279          0.0059405784 
        0.2697102427         -0.5762349963          0.0058257580 
        0.2838938534         -0.5700649023          0.0057834648 
        0.2980772257         -0.5604951978          0.0057010208 
        0.3122941554         -0.5528784990          0.0056394530 
        0.3264755011         -0.5447770357          0.0055717728 
        0.3407142460         -0.5376244187          0.0055138194 
        0.3549101651         -0.5304704905          0.0054552327 
        0.3691297472         -0.5245803595          0.0054091336 
        0.3833535314         -0.5163295865          0.0053386539 
        0.3975593150         -0.5112551451          0.0053009116 
        0.4117878675         -0.5025790334          0.0052267970 
        0.4259996414         -0.4974601269          0.0051893140 
        0.4401935339         -0.4894941151          0.0051235426 
        0.4543665051         -0.4838560820          0.0050816839 
        0.4684900045         -0.4765034020          0.0050232834 
        0.4826602936         -0.4676729143          0.0049521490 
        0.4968531132         -0.4614202678          0.0049074604 
        0.5110501051         -0.4536055326          0.0048484262 
        0.5252445340         -0.4452696443          0.0047858562 
        0.5394344926         -0.4369357824          0.0047248597 
        0.5536199808         -0.4277331233          0.0046572881 
        0.5677971244         -0.4180797040          0.0045874193 
        0.5819697380         -0.4072888792          0.0045091058 
        0.5960966945         -0.3968591094          0.0044363425 
        0.6102520227         -0.3867297471          0.0043682917 
        0.6244159341         -0.3740233481          0.0042787679 
        0.6385809183         -0.3625283837          0.0042027514 
        0.6527497172         -0.3493460119          0.0041136420 
        0.6669135690         -0.3358442783          0.0040241461 
        0.6810762286         -0.3207217157          0.0039227474 
        0.6952208281         -0.3072615564          0.0038385852 
        0.7092760205         -0.2920967340          0.0037412313 
        0.7233534455         -0.2761838734          0.0036397660 
        0.7374734282         -0.2609050274          0.0035462170 
        0.7516131997         -0.2442407012          0.0034427473 
        0.7657509446         -0.2278091908          0.0033433996 
        0.7798710465         -0.2108652145          0.0032415197 
        0.7937729955         -0.1936481893          0.0031384770 
        0.8076182008         -0.1768548489          0.0030405631 
        0.8215758204         -0.1589269787          0.0029349804 
        0.8354482055         -0.1417176872          0.0028366898 
        0.8490245938         -0.1235791892          0.0027309528 
        0.8625231981         -0.1052143723          0.0026244414 
        0.8762143254         -0.0867181942          0.0025187724 
        0.8899691701         -0.0674841702          0.0024084081 
        0.9037760496         -0.0461702272          0.0022823457 
        0.9177469611         -0.0241040662          0.0021520301 
        0.9314845204         -0.0002969109          0.0020079168 
        0.9451167583          0.0253452454          0.0018497389 
        0.9587717056          0.0540632196          0.0016677970 
        0.9719279408          0.0848083049          0.0014682881 
        0.9840376973          0.1155347005          0.0012648734 
        0.9944905639          0.1453665942          0.0010610726 
        1.0000000000          0.1663843840          0.0009085178 

