Variables= X Cp Cf 
zone T= "-1.664961" 
        1.0000000000          0.2280218899          0.0025485584 
        0.9944972992          0.2180572301          0.0026372594 
        0.9842088223          0.2230028063          0.0025805652 
        0.9721233845          0.2242091894          0.0025546192 
        0.9591490030          0.2222545296          0.0025554686 
        0.9458019137          0.2180347741          0.0025760217 
        0.9323746562          0.2105995119          0.0026269290 
        0.9185777307          0.2021840662          0.0026872174 
        0.9046568871          0.1928981394          0.0027566159 
        0.8906889558          0.1834333241          0.0028287556 
        0.8766668439          0.1735509783          0.0029060764 
        0.8625962138          0.1626168936          0.0029952840 
        0.8485191464          0.1526704282          0.0030759957 
        0.8344929218          0.1425029933          0.0031598855 
        0.8206474781          0.1314525753          0.0032539899 
        0.8068297505          0.1214485615          0.0033378142 
        0.7927931547          0.1104035527          0.0034316517 
        0.7787046432          0.0995658413          0.0035217865 
        0.7647905946          0.0878491402          0.0036186166 
        0.7508740425          0.0766617060          0.0037043930 
        0.7367253900          0.0652631149          0.0037816605 
        0.7225298882          0.0514201857          0.0038697992 
        0.7082740068          0.0397302210          0.0039067869 
        0.6940593719          0.0260969698          0.0039205332 
        0.6798879504          0.0138532221          0.0038428535 
        0.6657844782          0.0024271833          0.0036263908 
        0.6516457200         -0.0096358005          0.0031925626 
        0.6375460625         -0.0194711909          0.0023598669 
        0.6234037280         -0.0461145863          0.0011936085 
        0.6092425585         -0.1216792464          0.0001497369 
        0.5950688720         -0.2030065507         -0.0001311886 
        0.5810421705         -0.2093223184         -0.0001381659 
        0.5670729280         -0.2152849585         -0.0001403101 
        0.5530961156         -0.2214067578         -0.0001383570 
        0.5389939547         -0.2282425463         -0.0001265384 
        0.5248782039         -0.2360461205         -0.0000939850 
        0.5107891560         -0.2448540777         -0.0000251664 
        0.4967036545         -0.2551907897          0.0000775734 
        0.4826433063         -0.2675927281          0.0002269933 
        0.4685902297         -0.2803887725          0.0003611620 
        0.4545654655         -0.2945267558          0.0005351342 
        0.4405582845         -0.3070539832          0.0006763943 
        0.4265249074         -0.3189296424          0.0008209175 
        0.4125118256         -0.3293190300          0.0009553492 
        0.3984962404         -0.3373327851          0.0010594738 
        0.3844834268         -0.3454022706          0.0011927340 
        0.3704789579         -0.3509563804          0.0013007874 
        0.3564499915         -0.3537867367          0.0013709246 
        0.3424169421         -0.3572677374          0.0014813211 
        0.3283955157         -0.3566614091          0.0015195492 
        0.3143304586         -0.3564759195          0.0015785149 
        0.3002967536         -0.3565806746          0.0016666780 
        0.2862543166         -0.3533220887          0.0016900904 
        0.2722045183         -0.3509962261          0.0017428234 
        0.2581107616         -0.3466447592          0.0017458757 
        0.2440361381         -0.3446640074          0.0018122034 
        0.2299456894         -0.3404572308          0.0018242426 
        0.2158412784         -0.3365024626          0.0018237547 
        0.2017695010         -0.3355146945          0.0019051792 
        0.1877197772         -0.3310512006          0.0018664061 
        0.1737403572         -0.3315008879          0.0019506690 
        0.1598018259         -0.3303847015          0.0019761361 
        0.1458735466         -0.3316473067          0.0020606769 
        0.1319422871         -0.3330520093          0.0021417493 
        0.1181220487         -0.3359161019          0.0022743456 
        0.1043865979         -0.3383317590          0.0023736856 
        0.0908781067         -0.3437279761          0.0026056101 
        0.0775191486         -0.3478547037          0.0028563021 
        0.0644125119         -0.3515008986          0.0030914687 
        0.0518477410         -0.3581400216          0.0035720170 
        0.0399019681         -0.3610095978          0.0042362455 
        0.0291823745         -0.3582079709          0.0049487813 
        0.0205163863         -0.3540889919          0.0060703293 
        0.0141463643         -0.3374662101          0.0079450412 
        0.0096264342         -0.2981093824          0.0095291864 
        0.0063714231         -0.2443944961          0.0120042739 
        0.0039851228         -0.1483404189          0.0154235754 
        0.0022315502         -0.0004419078          0.0177296568 
        0.0010003676          0.2350344062          0.0226116516 
        0.0002599654          0.5630068779          0.0200903639 
        0.0000018368          0.8617761135          0.0139083387 
        0.0001709456          0.9986635447          0.0019607493 
        0.0002721904          1.0025125742          0.0000000000 
        0.0008052547          0.9514282942          0.0071431776 
        0.0019094408          0.7961969972          0.0104792435 
        0.0035290672          0.6328105927          0.0116258133 
        0.0057462878          0.4755882323          0.0109668309 
        0.0087600099          0.3450504541          0.0096710380 
        0.0129273068          0.2367481887          0.0082920790 
        0.0187769849          0.1416150481          0.0071530794 
        0.0268488713          0.0712931231          0.0056962143 
        0.0371241495          0.0149594778          0.0049855569 
        0.0489362888         -0.0227120779          0.0041395109 
        0.0616168268         -0.0504165590          0.0037010838 
        0.0747621581         -0.0730131939          0.0033695153 
        0.0882079452         -0.0897172168          0.0030549462 
        0.1018276513         -0.1041333973          0.0028546043 
        0.1156047061         -0.1166191995          0.0026831215 
        0.1294587851         -0.1280834377          0.0025524164 
        0.1433610320         -0.1385492235          0.0024390756 
        0.1573271155         -0.1468106955          0.0023066066 
        0.1713261604         -0.1563835740          0.0022568956 
        0.1853793114         -0.1653336585          0.0021912535 
        0.1994120330         -0.1718619019          0.0020843479 
        0.2134190947         -0.1797004491          0.0020476070 
        0.2273777276         -0.1854542345          0.0019653693 
        0.2414023280         -0.1921451688          0.0019295939 
        0.2555359304         -0.1989716291          0.0018982423 
        0.2697102427         -0.2026897073          0.0018023904 
        0.2838938534         -0.2093212754          0.0018008986 
        0.2980772257         -0.2135638446          0.0017394832 
        0.3122941554         -0.2180758417          0.0017005126 
        0.3264755011         -0.2224107087          0.0016656859 
        0.3407142460         -0.2262912989          0.0016274067 
        0.3549101651         -0.2301065326          0.0015957369 
        0.3691297472         -0.2340265661          0.0015710791 
        0.3833535314         -0.2366182506          0.0015238482 
        0.3975593150         -0.2402002066          0.0015064161 
        0.4117878675         -0.2415568233          0.0014478539 
        0.4259996414         -0.2449675053          0.0014417863 
        0.4401935339         -0.2462148517          0.0013933269 
        0.4543665051         -0.2483625561          0.0013719924 
        0.4684900045         -0.2496062368          0.0013368030 
        0.4826602936         -0.2493754625          0.0012815514 
        0.4968531132         -0.2505408227          0.0012627994 
        0.5110501051         -0.2505612075          0.0012253041 
        0.5252445340         -0.2499584854          0.0011834489 
        0.5394344926         -0.2489866018          0.0011426044 
        0.5536199808         -0.2473342568          0.0010968962 
        0.5677971244         -0.2450450957          0.0010479983 
        0.5819697380         -0.2416610122          0.0009883561 
        0.5960966945         -0.2384403348          0.0009416989 
        0.6102520227         -0.2348915786          0.0008962799 
        0.6244159341         -0.2296406776          0.0008273663 
        0.6385809183         -0.2246891856          0.0007742229 
        0.6527497172         -0.2185733765          0.0007070292 
        0.6669135690         -0.2119941413          0.0006399527 
        0.6810762286         -0.2041949183          0.0005572994 
        0.6952208281         -0.1970985085          0.0004971830 
        0.7092760205         -0.1889903843          0.0004201013 
        0.7233534455         -0.1806645989          0.0003428111 
        0.7374734282         -0.1725401133          0.0002729586 
        0.7516131997         -0.1642095000          0.0001959163 
        0.7657509446         -0.1564008445          0.0001285697 
        0.7798710465         -0.1490762383          0.0000661729 
        0.7937729955         -0.1424921006          0.0000140699 
        0.8076182008         -0.1365571022         -0.0000250536 
        0.8215758204         -0.1310641170         -0.0000549851 
        0.8354482055         -0.1259690523         -0.0000729973 
        0.8490245938         -0.1212360486         -0.0000845607 
        0.8625231981         -0.1167600304         -0.0000899004 
        0.8762143254         -0.1123536900         -0.0000890182 
        0.8899691701         -0.1079692319         -0.0000801931 
        0.9037760496         -0.1035688072         -0.0000505822 
        0.9177469611         -0.0234377719          0.0003988053 
        0.9314845204          0.0214847215          0.0012589353 
        0.9451167583          0.0433236770          0.0020754430 
        0.9587717056          0.0628553703          0.0025945208 
        0.9719279408          0.0880603120          0.0027959663 
        0.9840376973          0.1228729934          0.0027277325 
        0.9944905639          0.1730605215          0.0023915819 
        1.0000000000          0.2280218899          0.0018895598 

zone T= "-0.778710" 
        1.0000000000          0.2258686125          0.0026633323 
        0.9944972992          0.2172232866          0.0027435466 
        0.9842088223          0.2239540219          0.0026729784 
        0.9721233845          0.2264373600          0.0026387265 
        0.9591490030          0.2255018950          0.0026341667 
        0.9458019137          0.2221191376          0.0026513336 
        0.9323746562          0.2154646665          0.0026999062 
        0.9185777307          0.2077143788          0.0027593256 
        0.9046568871          0.1990393400          0.0028287426 
        0.8906889558          0.1903085262          0.0028998626 
        0.8766668439          0.1812111139          0.0029758229 
        0.8625962138          0.1709982604          0.0030646247 
        0.8485191464          0.1617544889          0.0031449751 
        0.8344929218          0.1523163915          0.0032281575 
        0.8206474781          0.1420658529          0.0033206870 
        0.8068297505          0.1327966750          0.0034028541 
        0.7927931547          0.1225849018          0.0034932955 
        0.7787046432          0.1127073914          0.0035768654 
        0.7647905946          0.1018694267          0.0036654004 
        0.7508740425          0.0917528048          0.0037361030 
        0.7367253900          0.0815161541          0.0037894303 
        0.7225298882          0.0690975338          0.0038383235 
        0.7082740068          0.0589904115          0.0038112621 
        0.6940593719          0.0474094562          0.0037178879 
        0.6798879504          0.0376828276          0.0034604392 
        0.6657844782          0.0288243555          0.0029499419 
        0.6516457200          0.0167021006          0.0020784172 
        0.6375460625         -0.0112988148          0.0008749653 
        0.6234037280         -0.0993440524          0.0000185347 
        0.6092425585         -0.1540026367         -0.0001307123 
        0.5950688720         -0.1601048559         -0.0001358590 
        0.5810421705         -0.1658712178         -0.0001378942 
        0.5670729280         -0.1718177795         -0.0001367101 
        0.5530961156         -0.1783910692         -0.0001253953 
        0.5389939547         -0.1860105395         -0.0000943749 
        0.5248782039         -0.1946238130         -0.0000318041 
        0.5107891560         -0.2047485262          0.0000725466 
        0.4967036545         -0.2164791375          0.0002003707 
        0.4826433063         -0.2298852950          0.0003649876 
        0.4685902297         -0.2425038666          0.0004983362 
        0.4545654655         -0.2560444474          0.0006702326 
        0.4405582845         -0.2672644556          0.0008032266 
        0.4265249074         -0.2776398361          0.0009403218 
        0.4125118256         -0.2864789367          0.0010703938 
        0.3984962404         -0.2927215993          0.0011671354 
        0.3844834268         -0.2991653979          0.0012990143 
        0.3704789579         -0.3028541505          0.0014020072 
        0.3564499915         -0.3038031161          0.0014660006 
        0.3424169421         -0.3058483899          0.0015848483 
        0.3283955157         -0.3031010628          0.0016146858 
        0.3143304586         -0.3013380766          0.0016808858 
        0.3002967536         -0.2993086278          0.0017675709 
        0.2862543166         -0.2939690948          0.0017896701 
        0.2722045183         -0.2898721993          0.0018549993 
        0.2581107616         -0.2829950750          0.0018532706 
        0.2440361381         -0.2787023485          0.0019253951 
        0.2299456894         -0.2720978856          0.0019456776 
        0.2158412784         -0.2654942274          0.0019532091 
        0.2017695010         -0.2614352703          0.0020428882 
        0.1877197772         -0.2537236214          0.0020107711 
        0.1737403572         -0.2506175041          0.0021088000 
        0.1598018259         -0.2454443127          0.0021469083 
        0.1458735466         -0.2419501245          0.0022410424 
        0.1319422871         -0.2380422503          0.0023353409 
        0.1181220487         -0.2347695529          0.0024839116 
        0.1043865979         -0.2300249040          0.0025936668 
        0.0908781067         -0.2272481322          0.0028565347 
        0.0775191486         -0.2209287733          0.0031369347 
        0.0644125119         -0.2115911245          0.0033809994 
        0.0518477410         -0.2026781291          0.0039021699 
        0.0399019681         -0.1845340282          0.0046115974 
        0.0291823745         -0.1543250680          0.0053588538 
        0.0205163863         -0.1169842109          0.0064820764 
        0.0141463643         -0.0628375486          0.0082325032 
        0.0096264342          0.0140389297          0.0096385535 
        0.0063714231          0.1078677475          0.0117609408 
        0.0039851228          0.2363296598          0.0137683749 
        0.0022315502          0.4096427858          0.0157816429 
        0.0010003676          0.6297393441          0.0158466194 
        0.0002599654          0.8679752946          0.0122451950 
        0.0000018368          0.9980198741          0.0023051875 
        0.0000029428          1.0025125742          0.0000000000 
        0.0001709456          0.9454325438          0.0082169855 
        0.0008052547          0.7541359663          0.0135236299 
        0.0019094408          0.5259416699          0.0159848146 
        0.0035290672          0.3395080566          0.0133907730 
        0.0057462878          0.1873878837          0.0129204020 
        0.0087600099          0.0718110353          0.0101331249 
        0.0129273068         -0.0090811262          0.0084934905 
        0.0187769849         -0.0783183873          0.0071573239 
        0.0268488713         -0.1203494072          0.0055048354 
        0.0371241495         -0.1536153555          0.0048160418 
        0.0489362888         -0.1727405190          0.0039613005 
        0.0616168268         -0.1838379949          0.0034635637 
        0.0747621581         -0.1954546273          0.0032125376 
        0.0882079452         -0.2022501230          0.0028802527 
        0.1018276513         -0.2093344480          0.0027098844 
        0.1156047061         -0.2152638137          0.0025412296 
        0.1294587851         -0.2204699665          0.0024019196 
        0.1433610320         -0.2264437079          0.0023166337 
        0.1573271155         -0.2301820666          0.0021829687 
        0.1713261604         -0.2360780984          0.0021432813 
        0.1853793114         -0.2415640354          0.0020821847 
        0.1994120330         -0.2450365424          0.0019824842 
        0.2134190947         -0.2500306070          0.0019474064 
        0.2273777276         -0.2529241741          0.0018636439 
        0.2414023280         -0.2575382590          0.0018400397 
        0.2555359304         -0.2619626522          0.0018064067 
        0.2697102427         -0.2635203898          0.0017140660 
        0.2838938534         -0.2679429352          0.0017089073 
        0.2980772257         -0.2705256343          0.0016568836 
        0.3122941554         -0.2731326520          0.0016163219 
        0.3264755011         -0.2757564187          0.0015829888 
        0.3407142460         -0.2780014575          0.0015461771 
        0.3549101651         -0.2801627517          0.0015137687 
        0.3691297472         -0.2826726735          0.0014922817 
        0.3833535314         -0.2837215066          0.0014443023 
        0.3975593150         -0.2859983444          0.0014291571 
        0.4117878675         -0.2860075831          0.0013716103 
        0.4259996414         -0.2880319655          0.0013634834 
        0.4401935339         -0.2880254388          0.0013163694 
        0.4543665051         -0.2889030576          0.0012943050 
        0.4684900045         -0.2889526188          0.0012596312 
        0.4826602936         -0.2874175012          0.0012024930 
        0.4968531132         -0.2875130177          0.0011850572 
        0.5110501051         -0.2862771153          0.0011451849 
        0.5252445340         -0.2845685780          0.0011035301 
        0.5394344926         -0.2824659944          0.0010616910 
        0.5536199808         -0.2796830833          0.0010145816 
        0.5677971244         -0.2762797773          0.0009641197 
        0.5819697380         -0.2718209624          0.0009031158 
        0.5960966945         -0.2674866319          0.0008535915 
        0.6102520227         -0.2628843486          0.0008061159 
        0.6244159341         -0.2566042840          0.0007348905 
        0.6385809183         -0.2506142855          0.0006783980 
        0.6527497172         -0.2435199916          0.0006079074 
        0.6669135690         -0.2359909266          0.0005366636 
        0.6810762286         -0.2274927795          0.0004522564 
        0.6952208281         -0.2195952237          0.0003866233 
        0.7092760205         -0.2110480666          0.0003077861 
        0.7233534455         -0.2025314271          0.0002297963 
        0.7374734282         -0.1944563836          0.0001609456 
        0.7516131997         -0.1866482049          0.0000908608 
        0.7657509446         -0.1795783341          0.0000339257 
        0.7798710465         -0.1731624305         -0.0000132079 
        0.7937729955         -0.1674255878         -0.0000476288 
        0.8076182008         -0.1621333957         -0.0000695635 
        0.8215758204         -0.1570889801         -0.0000834774 
        0.8354482055         -0.1523116380         -0.0000889412 
        0.8490245938         -0.1477948725         -0.0000894789 
        0.8625231981         -0.1433649659         -0.0000819601 
        0.8762143254         -0.1388733238         -0.0000517682 
        0.8899691701         -0.0673529357          0.0003258473 
        0.9037760496         -0.0181713514          0.0011823154 
        0.9177469611          0.0029148725          0.0021007215 
        0.9314845204          0.0163036045          0.0027494486 
        0.9451167583          0.0312195290          0.0031143648 
        0.9587717056          0.0521837808          0.0032420692 
        0.9719279408          0.0805352628          0.0031784945 
        0.9840376973          0.1181739271          0.0029487300 
        0.9944905639          0.1706532091          0.0025213400 
        1.0000000000          0.2258686125          0.0020024357 

zone T= "0.112673" 
        1.0000000000          0.2232290059          0.0027743175 
        0.9944972992          0.2158854008          0.0028461090 
        0.9842088223          0.2246111184          0.0027591735 
        0.9721233845          0.2284899354          0.0027151098 
        0.9591490030          0.2286355942          0.0027042115 
        0.9458019137          0.2261274606          0.0027173215 
        0.9323746562          0.2202890515          0.0027629202 
        0.9185777307          0.2133032531          0.0028202031 
        0.9046568871          0.2053643465          0.0028880574 
        0.8906889558          0.1973073632          0.0029583862 
        0.8766668439          0.1888957769          0.0030336308 
        0.8625962138          0.1794427782          0.0031212908 
        0.8485191464          0.1709653288          0.0032001948 
        0.8344929218          0.1622688919          0.0032820133 
        0.8206474781          0.1528213471          0.0033722497 
        0.8068297505          0.1443043202          0.0034516694 
        0.7927931547          0.1349601448          0.0035369627 
        0.7787046432          0.1260056049          0.0036122119 
        0.7647905946          0.1161156297          0.0036883850 
        0.7508740425          0.1071077734          0.0037379970 
        0.7367253900          0.0980860293          0.0037571769 
        0.7225298882          0.0871541277          0.0037492793 
        0.7082740068          0.0789325833          0.0036242241 
        0.6940593719          0.0695304349          0.0033675728 
        0.6798879504          0.0619724281          0.0028398465 
        0.6657844782          0.0520363562          0.0019430142 
        0.6516457200          0.0215292796          0.0007824581 
        0.6375460625         -0.0658797324         -0.0000203021 
        0.6234037280         -0.1066808850         -0.0001263065 
        0.6092425585         -0.1126580760         -0.0001318765 
        0.5950688720         -0.1184577942         -0.0001337804 
        0.5810421705         -0.1244190782         -0.0001318141 
        0.5670729280         -0.1309634149         -0.0001202568 
        0.5530961156         -0.1384111196         -0.0000876238 
        0.5389939547         -0.1468825787         -0.0000259372 
        0.5248782039         -0.1567550749          0.0000697557 
        0.5107891560         -0.1682862043          0.0001992365 
        0.4967036545         -0.1807406694          0.0003368288 
        0.4826433063         -0.1942365617          0.0005047340 
        0.4685902297         -0.2058224529          0.0006273679 
        0.4545654655         -0.2182491720          0.0007936024 
        0.4405582845         -0.2278854400          0.0009167902 
        0.4265249074         -0.2366569191          0.0010468765 
        0.4125118256         -0.2438997030          0.0011730407 
        0.3984962404         -0.2483137995          0.0012612173 
        0.3844834268         -0.2530806661          0.0013898851 
        0.3704789579         -0.2550591528          0.0014901160 
        0.3564499915         -0.2543589473          0.0015531977 
        0.3424169421         -0.2544317245          0.0016660930 
        0.3283955157         -0.2502351701          0.0017017348 
        0.3143304586         -0.2463920563          0.0017608844 
        0.3002967536         -0.2425730824          0.0018496950 
        0.2862543166         -0.2354290634          0.0018743953 
        0.2722045183         -0.2292642146          0.0019401207 
        0.2581107616         -0.2204270512          0.0019422971 
        0.2440361381         -0.2139104009          0.0020193150 
        0.2299456894         -0.2049935460          0.0020473062 
        0.2158412784         -0.1956375986          0.0020541337 
        0.2017695010         -0.1887284517          0.0021496806 
        0.1877197772         -0.1781383902          0.0021276248 
        0.1737403572         -0.1714295894          0.0022274707 
        0.1598018259         -0.1625918895          0.0022753370 
        0.1458735466         -0.1547856182          0.0023765268 
        0.1319422871         -0.1460581571          0.0024834303 
        0.1181220487         -0.1370470524          0.0026445151 
        0.1043865979         -0.1255458593          0.0027548736 
        0.0908781067         -0.1151091233          0.0030246044 
        0.0775191486         -0.0996893719          0.0033343013 
        0.0644125119         -0.0786334947          0.0035797323 
        0.0518477410         -0.0555535667          0.0040999446 
        0.0399019681         -0.0195791051          0.0048008161 
        0.0291823745          0.0332911387          0.0055816006 
        0.0205163863          0.0982610881          0.0065678642 
        0.0141463643          0.1805211008          0.0081653940 
        0.0096264342          0.2850555480          0.0092719700 
        0.0063714231          0.4019809365          0.0106648030 
        0.0039851228          0.5438520312          0.0118436897 
        0.0022315502          0.7115975022          0.0119606862 
        0.0010003676          0.8851479292          0.0095881568 
        0.0002599654          0.9977786541          0.0023699317 
        0.0001669987          1.0025125742          0.0000000000 
        0.0000018368          0.9436168075          0.0083584273 
        0.0001709456          0.7128536105          0.0179547779 
        0.0008052547          0.4086413682          0.0197795965 
        0.0019094408          0.1381659657          0.0199037734 
        0.0035290672         -0.0385458805          0.0150226234 
        0.0057462878         -0.1681105345          0.0138877872 
        0.0087600099         -0.2459370047          0.0101127150 
        0.0129273068         -0.2911240160          0.0083814720 
        0.0187769849         -0.3238651752          0.0068023871 
        0.0268488713         -0.3309383094          0.0051161945 
        0.0371241495         -0.3357093036          0.0044478965 
        0.0489362888         -0.3318537772          0.0036236972 
        0.0616168268         -0.3264504969          0.0031796461 
        0.0747621581         -0.3242418766          0.0029310174 
        0.0882079452         -0.3205833435          0.0026453754 
        0.1018276513         -0.3188225031          0.0024864399 
        0.1156047061         -0.3177025914          0.0023456337 
        0.1294587851         -0.3166558146          0.0022167901 
        0.1433610320         -0.3170848787          0.0021393474 
        0.1573271155         -0.3164848983          0.0020296122 
        0.1713261604         -0.3181500137          0.0019924520 
        0.1853793114         -0.3200131655          0.0019428182 
        0.1994120330         -0.3198525310          0.0018442370 
        0.2134190947         -0.3219606578          0.0018201930 
        0.2273777276         -0.3222190440          0.0017455693 
        0.2414023280         -0.3241000175          0.0017207222 
        0.2555359304         -0.3259729445          0.0016892417 
        0.2697102427         -0.3253800571          0.0016057489 
        0.2838938534         -0.3277344406          0.0016031264 
        0.2980772257         -0.3282750547          0.0015533033 
        0.3122941554         -0.3290513456          0.0015165443 
        0.3264755011         -0.3296909630          0.0014811517 
        0.3407142460         -0.3302499652          0.0014478845 
        0.3549101651         -0.3307897151          0.0014177969 
        0.3691297472         -0.3317754567          0.0013986283 
        0.3833535314         -0.3312667608          0.0013514226 
        0.3975593150         -0.3320015967          0.0013354514 
        0.4117878675         -0.3306818306          0.0012814344 
        0.4259996414         -0.3313273787          0.0012729659 
        0.4401935339         -0.3298829198          0.0012248356 
        0.4543665051         -0.3295908570          0.0012054552 
        0.4684900045         -0.3283043504          0.0011694698 
        0.4826602936         -0.3256139159          0.0011142007 
        0.4968531132         -0.3243986368          0.0010940509 
        0.5110501051         -0.3220359385          0.0010551655 
        0.5252445340         -0.3190954626          0.0010117841 
        0.5394344926         -0.3158845305          0.0009699672 
        0.5536199808         -0.3119360507          0.0009211683 
        0.5677971244         -0.3074230552          0.0008694606 
        0.5819697380         -0.3019490540          0.0008080884 
        0.5960966945         -0.2964808643          0.0007549953 
        0.6102520227         -0.2908507288          0.0007055084 
        0.6244159341         -0.2836114764          0.0006322618 
        0.6385809183         -0.2766612470          0.0005725742 
        0.6527497172         -0.2687242031          0.0004992849 
        0.6669135690         -0.2604998052          0.0004258665 
        0.6810762286         -0.2515897751          0.0003411876 
        0.6952208281         -0.2433461994          0.0002743030 
        0.7092760205         -0.2348803878          0.0001985059 
        0.7233534455         -0.2267873287          0.0001271464 
        0.7374734282         -0.2193550766          0.0000680918 
        0.7516131997         -0.2124629617          0.0000138812 
        0.7657509446         -0.2062466145         -0.0000254803 
        0.7798710465         -0.2005328238         -0.0000537107 
        0.7937729955         -0.1952572614         -0.0000710876 
        0.8076182008         -0.1902360916         -0.0000785581 
        0.8215758204         -0.1853378117         -0.0000784319 
        0.8354482055         -0.1805455536         -0.0000634704 
        0.8490245938         -0.1651121378          0.0000108974 
        0.8625231981         -0.0923298448          0.0005301427 
        0.8762143254         -0.0526191890          0.0014613913 
        0.8899691701         -0.0357480608          0.0023601921 
        0.9037760496         -0.0238375720          0.0029934344 
        0.9177469611         -0.0123960385          0.0033793713 
        0.9314845204          0.0019636720          0.0035566757 
        0.9451167583          0.0199886765          0.0035897272 
        0.9587717056          0.0442476012          0.0034956608 
        0.9719279408          0.0756550729          0.0032896239 
        0.9840376973          0.1156233475          0.0029744571 
        0.9944905639          0.1694542319          0.0025043224 
        1.0000000000          0.2232290059          0.0019979009 

zone T= "1.042498" 
        1.0000000000          0.2168013304          0.0029149989 
        0.9944972992          0.2109911144          0.0029767822 
        0.9842088223          0.2227279097          0.0028639287 
        0.9721233845          0.2285429388          0.0028053317 
        0.9591490030          0.2301312983          0.0027851346 
        0.9458019137          0.2287450880          0.0027923265 
        0.9323746562          0.2238945216          0.0028338351 
        0.9185777307          0.2178080380          0.0028882266 
        0.9046568871          0.2107247263          0.0029539166 
        0.8906889558          0.2034986913          0.0030224132 
        0.8766668439          0.1959161013          0.0030959679 
        0.8625962138          0.1872761399          0.0031823525 
        0.8485191464          0.1795900911          0.0032598684 
        0.8344929218          0.1717023104          0.0033397314 
        0.8206474781          0.1631593108          0.0034263290 
        0.8068297505          0.1554566026          0.0035014725 
        0.7927931547          0.1470696479          0.0035787285 
        0.7787046432          0.1391842663          0.0036402505 
        0.7647905946          0.1303649098          0.0036959476 
        0.7508740425          0.1226467192          0.0037103293 
        0.7367253900          0.1151051298          0.0036704300 
        0.7225298882          0.1060291454          0.0035620423 
        0.7082740068          0.1000287235          0.0032638812 
        0.6940593719          0.0926700458          0.0027229358 
        0.6798879504          0.0832882747          0.0017960429 
        0.6657844782          0.0517775230          0.0006490549 
        0.6516457200         -0.0379822999         -0.0000556483 
        0.6375460625         -0.0610415936         -0.0001216029 
        0.6234037280         -0.0668518543         -0.0001267015 
        0.6092425585         -0.0726465434         -0.0001279635 
        0.5950688720         -0.0787305683         -0.0001244246 
        0.5810421705         -0.0853452012         -0.0001103242 
        0.5670729280         -0.0927414522         -0.0000772811 
        0.5530961156         -0.1010548547         -0.0000124809 
        0.5389939547         -0.1107752845          0.0000808111 
        0.5248782039         -0.1218858957          0.0001981516 
        0.5107891560         -0.1341350228          0.0003379215 
        0.4967036545         -0.1463461071          0.0004720909 
        0.4826433063         -0.1591246724          0.0006350146 
        0.4685902297         -0.1693667173          0.0007482060 
        0.4545654655         -0.1803251952          0.0009061370 
        0.4405582845         -0.1882577389          0.0010195358 
        0.4265249074         -0.1954428405          0.0011449456 
        0.4125118256         -0.2008937746          0.0012631976 
        0.3984962404         -0.2036753595          0.0013473558 
        0.3844834268         -0.2067190558          0.0014720852 
        0.3704789579         -0.2069258094          0.0015675705 
        0.3564499915         -0.2045961618          0.0016290068 
        0.3424169421         -0.2029037327          0.0017402873 
        0.3283955157         -0.1969744265          0.0017735008 
        0.3143304586         -0.1914136559          0.0018327071 
        0.3002967536         -0.1856925637          0.0019199101 
        0.2862543166         -0.1768600494          0.0019495327 
        0.2722045183         -0.1684932560          0.0020100744 
        0.2581107616         -0.1578510851          0.0020181474 
        0.2440361381         -0.1490852386          0.0020968895 
        0.2299456894         -0.1378206462          0.0021263498 
        0.2158412784         -0.1259548068          0.0021313531 
        0.2017695010         -0.1166133732          0.0022417398 
        0.1877197772         -0.1029348895          0.0022181249 
        0.1737403572         -0.0929481611          0.0023228431 
        0.1598018259         -0.0805088803          0.0023742265 
        0.1458735466         -0.0686453134          0.0024794142 
        0.1319422871         -0.0554102696          0.0025995246 
        0.1181220487         -0.0407195874          0.0027488365 
        0.1043865979         -0.0235764440          0.0028800254 
        0.0908781067         -0.0056575327          0.0031519469 
        0.0775191486          0.0186518282          0.0034322238 
        0.0644125119          0.0490970574          0.0037195259 
        0.0518477410          0.0854247138          0.0041889460 
        0.0399019681          0.1366454363          0.0048828581 
        0.0291823745          0.2083774805          0.0055665709 
        0.0205163863          0.2945919633          0.0065043746 
        0.0141463643          0.3969250321          0.0076133935 
        0.0096264342          0.5173622370          0.0086463392 
        0.0063714231          0.6422818899          0.0087661706 
        0.0039851228          0.7783752680          0.0094068516 
        0.0022315502          0.9104472995          0.0068752854 
        0.0010003676          0.9975326061          0.0022793850 
        0.0007962058          1.0025125742          0.0000000000 
        0.0002599654          0.9463585019          0.0076544350 
        0.0000018368          0.6901333928          0.0206664819 
        0.0001709456          0.2822460234          0.0263365246 
        0.0008052547         -0.0898508281          0.0256768651 
        0.0019094408         -0.3814004660          0.0231864695 
        0.0035290672         -0.5150340199          0.0156519599 
        0.0057462878         -0.5929585099          0.0138940010 
        0.0087600099         -0.6221404076          0.0098442864 
        0.0129273068         -0.6152914762          0.0075309072 
        0.0187769849         -0.6004056334          0.0060993717 
        0.0268488713         -0.5655190349          0.0044210837 
        0.0371241495         -0.5355312228          0.0038207329 
        0.0489362888         -0.5051717162          0.0031042339 
        0.0616168268         -0.4802092612          0.0027304406 
        0.0747621581         -0.4624350667          0.0025269235 
        0.0882079452         -0.4471592605          0.0023087915 
        0.1018276513         -0.4350276291          0.0021619941 
        0.1156047061         -0.4259064794          0.0020645063 
        0.1294587851         -0.4181794226          0.0019662182 
        0.1433610320         -0.4127312601          0.0019074547 
        0.1573271155         -0.4068938792          0.0018130641 
        0.1713261604         -0.4039463699          0.0017890980 
        0.1853793114         -0.4017945528          0.0017555988 
        0.1994120330         -0.3980294466          0.0016704552 
        0.2134190947         -0.3966935277          0.0016511116 
        0.2273777276         -0.3940717578          0.0015894513 
        0.2414023280         -0.3928116262          0.0015629359 
        0.2555359304         -0.3925211728          0.0015496269 
        0.2697102427         -0.3892755806          0.0014664163 
        0.2838938534         -0.3893151581          0.0014669498 
        0.2980772257         -0.3877293766          0.0014229241 
        0.3122941554         -0.3865159154          0.0013908473 
        0.3264755011         -0.3851491213          0.0013569242 
        0.3407142460         -0.3840144277          0.0013295863 
        0.3549101651         -0.3826584816          0.0012986605 
        0.3691297472         -0.3819511235          0.0012817164 
        0.3833535314         -0.3798995316          0.0012386019 
        0.3975593150         -0.3791306615          0.0012246780 
        0.4117878675         -0.3762838244          0.0011718258 
        0.4259996414         -0.3754639328          0.0011635644 
        0.4401935339         -0.3727512956          0.0011192361 
        0.4543665051         -0.3709891438          0.0010978429 
        0.4684900045         -0.3684768677          0.0010642450 
        0.4826602936         -0.3646039069          0.0010110760 
        0.4968531132         -0.3620958328          0.0009893845 
        0.5110501051         -0.3585968316          0.0009517176 
        0.5252445340         -0.3545370102          0.0009088663 
        0.5394344926         -0.3502564132          0.0008675053 
        0.5536199808         -0.3453104496          0.0008195030 
        0.5677971244         -0.3398244381          0.0007679033 
        0.5819697380         -0.3335455358          0.0007084144 
        0.5960966945         -0.3272947669          0.0006560549 
        0.6102520227         -0.3209642768          0.0006076318 
        0.6244159341         -0.3132945001          0.0005385462 
        0.6385809183         -0.3060081899          0.0004829156 
        0.6527497172         -0.2980268896          0.0004169729 
        0.6669135690         -0.2900004983          0.0003534131 
        0.6810762286         -0.2816722989          0.0002843359 
        0.6952208281         -0.2741637528          0.0002357532 
        0.7092760205         -0.2666687667          0.0001843909 
        0.7233534455         -0.2596107423          0.0001427900 
        0.7374734282         -0.2532103062          0.0001195937 
        0.7516131997         -0.2473064065          0.0001099088 
        0.7657509446         -0.2425904572          0.0001360444 
        0.7798710465         -0.2159754336          0.0003395999 
        0.7937729955         -0.1707768589          0.0009731521 
        0.8076182008         -0.1408556998          0.0018682232 
        0.8215758204         -0.1228163242          0.0027045414 
        0.8354482055         -0.1112285256          0.0033165165 
        0.8490245938         -0.0992809758          0.0036766871 
        0.8625231981         -0.0870302767          0.0038745615 
        0.8762143254         -0.0750916451          0.0039762012 
        0.8899691701         -0.0621384494          0.0039980272 
        0.9037760496         -0.0462432727          0.0039440822 
        0.9177469611         -0.0299680121          0.0038616494 
        0.9314845204         -0.0111036329          0.0037349530 
        0.9451167583          0.0108198076          0.0035695219 
        0.9587717056          0.0385831706          0.0033439039 
        0.9719279408          0.0731064901          0.0030529229 
        0.9840376973          0.1150434986          0.0026916938 
        0.9944905639          0.1682791859          0.0022185931 
        1.0000000000          0.2168013304          0.0017673937 

zone T= "2.008045" 
        1.0000000000          0.2061247826          0.0030932454 
        0.9944972992          0.2016696930          0.0031480310 
        0.9842088223          0.2178617269          0.0029952459 
        0.9721233845          0.2263524681          0.0029154369 
        0.9591490030          0.2298364341          0.0028821244 
        0.9458019137          0.2298712134          0.0028810836 
        0.9323746562          0.2262419760          0.0029167838 
        0.9185777307          0.2212363333          0.0029670477 
        0.9046568871          0.2151598930          0.0030295213 
        0.8906889558          0.2088691294          0.0030954937 
        0.8766668439          0.2022423744          0.0031661822 
        0.8625962138          0.1945344955          0.0032499032 
        0.8485191464          0.1877676249          0.0033239822 
        0.8344929218          0.1807964444          0.0033992692 
        0.8206474781          0.1732875854          0.0034781396 
        0.8068297505          0.1665205210          0.0035431276 
        0.7927931547          0.1592296958          0.0036030142 
        0.7787046432          0.1526175141          0.0036353532 
        0.7647905946          0.1451137960          0.0036461581 
        0.7508740425          0.1390245706          0.0035847144 
        0.7367253900          0.1334181577          0.0034165292 
        0.7225298882          0.1267210841          0.0030907183 
        0.7082740068          0.1222556904          0.0024443064 
        0.6940593719          0.1099981591          0.0014594893 
        0.6798879504          0.0688967630          0.0003873174 
        0.6657844782         -0.0113674942         -0.0000929735 
        0.6516457200         -0.0172399171         -0.0001149428 
        0.6375460625         -0.0229629148         -0.0001211148 
        0.6234037280         -0.0286945160         -0.0001201694 
        0.6092425585         -0.0348327085         -0.0001137639 
        0.5950688720         -0.0415852107         -0.0000963559 
        0.5810421705         -0.0489681624         -0.0000594952 
        0.5670729280         -0.0572157204          0.0000034122 
        0.5530961156         -0.0667649657          0.0000980704 
        0.5389939547         -0.0775544718          0.0002095820 
        0.5248782039         -0.0891528502          0.0003341419 
        0.5107891560         -0.1011974663          0.0004724813 
        0.4967036545         -0.1124970317          0.0005986455 
        0.4826433063         -0.1240841001          0.0007537490 
        0.4685902297         -0.1327227801          0.0008554789 
        0.4545654655         -0.1421375275          0.0010060371 
        0.4405582845         -0.1485436261          0.0011156246 
        0.4265249074         -0.1538684666          0.0012303637 
        0.4125118256         -0.1577425003          0.0013456719 
        0.3984962404         -0.1588462144          0.0014246556 
        0.3844834268         -0.1601255089          0.0015434950 
        0.3704789579         -0.1587471217          0.0016379638 
        0.3564499915         -0.1547227651          0.0016955204 
        0.3424169421         -0.1513890475          0.0018079089 
        0.3283955157         -0.1435479820          0.0018323914 
        0.3143304586         -0.1364750713          0.0018949220 
        0.3002967536         -0.1289540529          0.0019825127 
        0.2862543166         -0.1182038039          0.0020083904 
        0.2722045183         -0.1079371870          0.0020678618 
        0.2581107616         -0.0955666825          0.0020821660 
        0.2440361381         -0.0844789520          0.0021559461 
        0.2299456894         -0.0710766464          0.0021859517 
        0.2158412784         -0.0572009347          0.0022037888 
        0.2017695010         -0.0448332913          0.0023053191 
        0.1877197772         -0.0286881961          0.0022921120 
        0.1737403572         -0.0153578110          0.0023903050 
        0.1598018259          0.0002192399          0.0024523453 
        0.1458735466          0.0160569102          0.0025561638 
        0.1319422871          0.0337145440          0.0026665682 
        0.1181220487          0.0528881922          0.0028367518 
        0.1043865979          0.0760127455          0.0029523061 
        0.0908781067          0.1003348231          0.0032131197 
        0.0775191486          0.1319678724          0.0035063503 
        0.0644125119          0.1717799157          0.0037596719 
        0.0518477410          0.2188414931          0.0042261677 
        0.0399019681          0.2830003798          0.0047808872 
        0.0291823745          0.3687813282          0.0055033248 
        0.0205163863          0.4695467651          0.0060163382 
        0.0141463643          0.5845924616          0.0071535432 
        0.0096264342          0.7062814236          0.0069260104 
        0.0063714231          0.8249142766          0.0072311624 
        0.0039851228          0.9309281111          0.0051848548 
        0.0022315502          0.9986349940          0.0017587480 
        0.0019201363          1.0025125742          0.0000000000 
        0.0010003676          0.9598008394          0.0058373515 
        0.0002599654          0.7030121088          0.0210013054 
        0.0000018368          0.2221452296          0.0295814984 
        0.0001709456         -0.3398185968          0.0380012356 
        0.0008052547         -0.7697868943          0.0287939589 
        0.0019094408         -1.0232590437          0.0259587970 
        0.0035290672         -1.0928182602          0.0155104175 
        0.0057462878         -1.0964242220          0.0129335383 
        0.0087600099         -1.0539693832          0.0085863415 
        0.0129273068         -0.9824176431          0.0060795243 
        0.0187769849         -0.9094823003          0.0047880081 
        0.0268488713         -0.8240840435          0.0032394994 
        0.0371241495         -0.7535425425          0.0028245058 
        0.0489362888         -0.6928167939          0.0022873532 
        0.0616168268         -0.6447877884          0.0020194617 
        0.0747621581         -0.6099646091          0.0019381166 
        0.0882079452         -0.5809625983          0.0017929726 
        0.1018276513         -0.5581697226          0.0017171361 
        0.1156047061         -0.5397714972          0.0016600678 
        0.1294587851         -0.5246731043          0.0016114922 
        0.1433610320         -0.5124319196          0.0015771600 
        0.1573271155         -0.5010033846          0.0015151822 
        0.1713261604         -0.4931301773          0.0015158806 
        0.1853793114         -0.4863185883          0.0014980374 
        0.1994120330         -0.4788625836          0.0014390850 
        0.2134190947         -0.4738458097          0.0014298713 
        0.2273777276         -0.4679014087          0.0013798011 
        0.2414023280         -0.4637190402          0.0013659361 
        0.2555359304         -0.4604290128          0.0013578036 
        0.2697102427         -0.4547191858          0.0012881674 
        0.2838938534         -0.4523052275          0.0012942620 
        0.2980772257         -0.4482530951          0.0012536645 
        0.3122941554         -0.4450068772          0.0012307056 
        0.3264755011         -0.4415330291          0.0012004388 
        0.3407142460         -0.4384104013          0.0011769088 
        0.3549101651         -0.4353771210          0.0011534869 
        0.3691297472         -0.4328688681          0.0011387382 
        0.3833535314         -0.4290913939          0.0010982906 
        0.3975593150         -0.4266712070          0.0010863211 
        0.4117878675         -0.4224604666          0.0010399512 
        0.4259996414         -0.4201014042          0.0010319442 
        0.4401935339         -0.4160323441          0.0009909740 
        0.4543665051         -0.4131370783          0.0009749081 
        0.4684900045         -0.4091860354          0.0009397508 
        0.4826602936         -0.4043647945          0.0008931923 
        0.4968531132         -0.4007447064          0.0008728551 
        0.5110501051         -0.3963641226          0.0008398366 
        0.5252445340         -0.3915591538          0.0008023633 
        0.5394344926         -0.3867410421          0.0007681753 
        0.5536199808         -0.3814653158          0.0007289575 
        0.5677971244         -0.3760435283          0.0006907340 
        0.5819697380         -0.3702803552          0.0006497712 
        0.5960966945         -0.3652526438          0.0006249017 
        0.6102520227         -0.3612253368          0.0006183765 
        0.6244159341         -0.3581064939          0.0006252413 
        0.6385809183         -0.3449096084          0.0008304341 
        0.6527497172         -0.3177447021          0.0014610428 
        0.6669135690         -0.2933545411          0.0023989426 
        0.6810762286         -0.2752548456          0.0032986347 
        0.6952208281         -0.2646659613          0.0039997618 
        0.7092760205         -0.2534183562          0.0044143442 
        0.7233534455         -0.2418568730          0.0046333447 
        0.7374734282         -0.2311532050          0.0047382829 
        0.7516131997         -0.2181457132          0.0047374819 
        0.7657509446         -0.2055962980          0.0046959775 
        0.7798710465         -0.1920483261          0.0046153762 
        0.7937729955         -0.1778995246          0.0045125228 
        0.8076182008         -0.1644880921          0.0044105360 
        0.8215758204         -0.1493224204          0.0042863763 
        0.8354482055         -0.1356089562          0.0041778674 
        0.8490245938         -0.1201020554          0.0040501850 
        0.8625231981         -0.1044167504          0.0039236536 
        0.8762143254         -0.0891943723          0.0038059899 
        0.8899691701         -0.0732761174          0.0036844087 
        0.9037760496         -0.0546014011          0.0035385948 
        0.9177469611         -0.0356200226          0.0033955779 
        0.9314845204         -0.0141622033          0.0032319282 
        0.9451167583          0.0102400249          0.0030447610 
        0.9587717056          0.0402387045          0.0028098405 
        0.9719279408          0.0763413459          0.0025218399 
        0.9840376973          0.1179383844          0.0021844942 
        0.9944905639          0.1664346904          0.0017787620 
        1.0000000000          0.2061247826          0.0014298124 

zone T= "4.132154" 
        1.0000000000          0.1649495512          0.0036280332 
        0.9944972992          0.1621267200          0.0036896940 
        0.9842088223          0.1938164830          0.0033896188 
        0.9721233845          0.2107535601          0.0032386193 
        0.9591490030          0.2201127708          0.0031605302 
        0.9458019137          0.2243172973          0.0031318136 
        0.9323746562          0.2241676301          0.0031470016 
        0.9185777307          0.2221574783          0.0031811555 
        0.9046568871          0.2188280523          0.0032288348 
        0.8906889558          0.2150942236          0.0032794590 
        0.8766668439          0.2109902650          0.0033312971 
        0.8625962138          0.2057677209          0.0033913520 
        0.8485191464          0.2014901340          0.0034314874 
        0.8344929218          0.1970808357          0.0034570154 
        0.8206474781          0.1924125105          0.0034598927 
        0.8068297505          0.1885035634          0.0034101685 
        0.7927931547          0.1846553236          0.0032835295 
        0.7787046432          0.1819919348          0.0030149396 
        0.7647905946          0.1783762276          0.0025599797 
        0.7508740425          0.1735346466          0.0018176542 
        0.7367253900          0.1562929004          0.0008653444 
        0.7225298882          0.1091623306          0.0001657909 
        0.7082740068          0.0753207132         -0.0000600905 
        0.6940593719          0.0698715076         -0.0000865182 
        0.6798879504          0.0643687993         -0.0000949583 
        0.6657844782          0.0587369502         -0.0000950682 
        0.6516457200          0.0527819805         -0.0000856866 
        0.6375460625          0.0464293994         -0.0000717569 
        0.6234037280          0.0395373330         -0.0000353232 
        0.6092425585          0.0319033191          0.0000145963 
        0.5950688720          0.0234196112          0.0000804220 
        0.5810421705          0.0141066182          0.0001648651 
        0.5670729280          0.0041142018          0.0002620629 
        0.5530961156         -0.0064788065          0.0003752951 
        0.5389939547         -0.0169023089          0.0004847159 
        0.5248782039         -0.0270193648          0.0005962008 
        0.5107891560         -0.0368968435          0.0007195710 
        0.4967036545         -0.0452955849          0.0008251122 
        0.4826433063         -0.0539653040          0.0009673747 
        0.4685902297         -0.0591623187          0.0010491163 
        0.4545654655         -0.0652971119          0.0011871826 
        0.4405582845         -0.0681847930          0.0012797553 
        0.4265249074         -0.0702944919          0.0013869650 
        0.4125118256         -0.0707589388          0.0014922434 
        0.3984962404         -0.0685189664          0.0015615760 
        0.3844834268         -0.0663046092          0.0016696303 
        0.3704789579         -0.0616536587          0.0017594506 
        0.3564499915         -0.0542549081          0.0018078579 
        0.3424169421         -0.0474744178          0.0019143223 
        0.3283955157         -0.0365462117          0.0019392491 
        0.3143304586         -0.0259115323          0.0019938177 
        0.3002967536         -0.0147861093          0.0020755907 
        0.2862543166         -0.0006082477          0.0020978246 
        0.2722045183          0.0131491330          0.0021608246 
        0.2581107616          0.0293765701          0.0021674689 
        0.2440361381          0.0443186909          0.0022456290 
        0.2299456894          0.0619496889          0.0022735379 
        0.2158412784          0.0802997798          0.0022821603 
        0.2017695010          0.0971182734          0.0024033876 
        0.1877197772          0.1188148186          0.0023658413 
        0.1737403572          0.1372018903          0.0024908122 
        0.1598018259          0.1595826149          0.0025237347 
        0.1458735466          0.1818208992          0.0026420089 
        0.1319422871          0.2074339092          0.0027312310 
        0.1181220487          0.2350681424          0.0028998137 
        0.1043865979          0.2678684294          0.0029942002 
        0.0908781067          0.3031052053          0.0032099320 
        0.0775191486          0.3468368053          0.0034939495 
        0.0644125119          0.4010024369          0.0036460806 
        0.0518477410          0.4636308253          0.0040446557 
        0.0399019681          0.5444303155          0.0043268451 
        0.0291823745          0.6456284523          0.0048281658 
        0.0205163863          0.7549507022          0.0046682814 
        0.0141463643          0.8633976579          0.0048172534 
        0.0096264342          0.9508451819          0.0032456212 
        0.0063714231          0.9997961521          0.0010928449 
        0.0057746768          1.0025125742          0.0000000000 
        0.0039851228          0.9761134386          0.0034066865 
        0.0022315502          0.8129919767          0.0131374197 
        0.0010003676          0.3921475410          0.0256872829 
        0.0002599654         -0.4104068875          0.0474132486 
        0.0000018368         -1.3982598782          0.0539454930 
        0.0001709456         -2.2493274212          0.0552157871 
        0.0008052547         -2.6515719891          0.0355943777 
        0.0019094408         -2.7128157616          0.0255142804 
        0.0035290672         -2.5322680473          0.0109444465 
        0.0057462878         -2.3001286983          0.0053465730 
        0.0087600099         -2.0695493221          0.0002791343 
        0.0129273068         -1.8900178671         -0.0013561364 
        0.0187769849         -1.7626074553         -0.0011399020 
        0.0268488713         -1.5941272974         -0.0005510200 
        0.0371241495         -1.1871683598          0.0055084438 
        0.0489362888         -1.0621677637          0.0090023587 
        0.0616168268         -0.9766967893          0.0098819183 
        0.0747621581         -0.9131047130          0.0093404427 
        0.0882079452         -0.8575839996          0.0086080180 
        0.1018276513         -0.8135526776          0.0080300486 
        0.1156047061         -0.7761265039          0.0075696576 
        0.1294587851         -0.7452809215          0.0072213244 
        0.1433610320         -0.7199993730          0.0069584376 
        0.1573271155         -0.6948956251          0.0067081088 
        0.1713261604         -0.6774655581          0.0065567475 
        0.1853793114         -0.6612764001          0.0064169345 
        0.1994120330         -0.6437838674          0.0062616090 
        0.2134190947         -0.6321372986          0.0061733513 
        0.2273777276         -0.6178321838          0.0060515716 
        0.2414023280         -0.6075610518          0.0059745191 
        0.2555359304         -0.5983267426          0.0059052589 
        0.2697102427         -0.5853757262          0.0057939803 
        0.2838938534         -0.5785321593          0.0057486952 
        0.2980772257         -0.5691789985          0.0056732860 
        0.3122941554         -0.5603962541          0.0056035635 
        0.3264755011         -0.5527366996          0.0055448483 
        0.3407142460         -0.5446442962          0.0054808976 
        0.3549101651         -0.5376592278          0.0054278499 
        0.3691297472         -0.5311257839          0.0053785346 
        0.3833535314         -0.5230430961          0.0053132609 
        0.3975593150         -0.5173395276          0.0052720532 
        0.4117878675         -0.5084971786          0.0051995353 
        0.4259996414         -0.5032398105          0.0051633012 
        0.4401935339         -0.4949275851          0.0050968984 
        0.4543665051         -0.4891274869          0.0050558732 
        0.4684900045         -0.4815612435          0.0049978220 
        0.4826602936         -0.4725969732          0.0049277828 
        0.4968531132         -0.4658799171          0.0048806877 
        0.5110501051         -0.4580766261          0.0048238900 
        0.5252445340         -0.4494588375          0.0047606397 
        0.5394344926         -0.4409776926          0.0047001350 
        0.5536199808         -0.4315325916          0.0046321331 
        0.5677971244         -0.4217151701          0.0045624981 
        0.5819697380         -0.4107684493          0.0044844649 
        0.5960966945         -0.4001050889          0.0044111139 
        0.6102520227         -0.3898201883          0.0043430883 
        0.6244159341         -0.3769181967          0.0042533325 
        0.6385809183         -0.3652588129          0.0041771643 
        0.6527497172         -0.3518726230          0.0040876032 
        0.6669135690         -0.3382027447          0.0039978968 
        0.6810762286         -0.3229370117          0.0038965261 
        0.6952208281         -0.3092983365          0.0038118882 
        0.7092760205         -0.2939797342          0.0037143019 
        0.7233534455         -0.2779296041          0.0036127164 
        0.7374734282         -0.2624424398          0.0035183246 
        0.7516131997         -0.2456554621          0.0034147757 
        0.7657509446         -0.2290523499          0.0033148576 
        0.7798710465         -0.2119516432          0.0032124964 
        0.7937729955         -0.1946020722          0.0031091473 
        0.8076182008         -0.1776664108          0.0030107764 
        0.8215758204         -0.1595740467          0.0029045530 
        0.8354482055         -0.1422228366          0.0028057494 
        0.8490245938         -0.1239407733          0.0026994999 
        0.8625231981         -0.1054401621          0.0025924977 
        0.8762143254         -0.0868008956          0.0024862506 
        0.8899691701         -0.0674195439          0.0023752626 
        0.9037760496         -0.0459895805          0.0022488874 
        0.9177469611         -0.0238186587          0.0021183155 
        0.9314845204          0.0000446886          0.0019743624 
        0.9451167583          0.0256806426          0.0018168276 
        0.9587717056          0.0542862080          0.0016363976 
        0.9719279408          0.0847695693          0.0014395532 
        0.9840376973          0.1151080579          0.0012397220 
        0.9944905639          0.1443949491          0.0010407083 
        1.0000000000          0.1649495512          0.0008922343 

