

 ==========================================
 [Surf] main_wing
 ==========================================
 ---------------------------------------------------
 Layout: xLE      yLE      zLE      chord    twist(deg)
 ---------------------------------------------------
         0.0      0.0      0.0      5.0      0.0
         2.079    0.0      1.2      2.3      0.0
 ---------------------------------------------------
 CST_coefs:
 ---------------------------------------------------
Section  1---------------
 0.01260410  0.01532482  0.03038613  0.02734802  0.02065177  0.06808119 -0.00702396  0.08994372  0.01214498  0.07794860
-0.01260405 -0.01532512 -0.03038526 -0.02735028 -0.02064796 -0.06808674  0.00703035 -0.08995113 -0.01213888 -0.07795390
Section  2---------------
 0.01260410  0.01532482  0.03038613  0.02734802  0.02065177  0.06808119 -0.00702396  0.08994372  0.01214498  0.07794860
-0.01260405 -0.01532512 -0.03038526 -0.02735028 -0.02064796 -0.06808674  0.00703035 -0.08995113 -0.01213888 -0.07795390


 ==========================================
 [Surf] winglet
 ==========================================
 ---------------------------------------------------
 Layout: xLE      yLE      zLE      chord    twist(deg)
 ---------------------------------------------------
         2.200    -0.08    1.3      1.5      0.0
         2.600    -0.90    1.5      0.5      0.0
 ---------------------------------------------------
 CST_coefs:
 ---------------------------------------------------
Section  1---------------
 0.02256672  0.01545188  0.04734211  0.03898951  0.00719067  0.13498309 -0.0631448   0.17065241 -0.01884899  0.12442605
-0.02358345 -0.01485491 -0.05117645 -0.03378935 -0.01495216 -0.12720416  0.05725268 -0.16649436  0.01759363 -0.12308414
Section  2---------------
 0.02256672  0.01545188  0.04734211  0.03898951  0.00719067  0.13498309 -0.0631448   0.17065241 -0.01884899  0.12442605
-0.02358345 -0.01485491 -0.05117645 -0.03378935 -0.01495216 -0.12720416  0.05725268 -0.16649436  0.01759363 -0.12308414