

==========================================
[Surf] airfoil3d
==========================================
---------------------------------------------------
Layout: LE XYZ(m),  chord(m), twist(deg), rel-thick
---------------------------------------------------
0.0  0.0   0.0       1.0        0.0        0.11
---------------------------------------------------
CST_coefs:
---------------------------------------------------
Section 1---------------
 0.118598   0.118914   0.155731   0.136732   0.209265   0.148305   0.193591
-0.115514  -0.134195  -0.109145  -0.253206  -0.012220  -0.118463   0.064100

 ==========================================
 [Surf] transonic-wing
 ==========================================
 ---------------------------------------------------
 Layout: LE XYZ, chord length, twist(deg), rel-thick
 ---------------------------------------------------
  1.34   -1.15    2.8     12.2006   3.1   0.1351 
  5.61   -0.51    8.9      8.1013   0.5   0.1120 
  7.17   -0.27   11.1      6.6000  -0.6   0.1050 
 10.81    0.27   16.3      5.3050  -2.0   0.0900 
 18.84    1.47   27.8      2.4487  -4.0   0.0880 
 24.20    3.25   31.4      0.5520  -4.5   0.0880 
 ---------------------------------------------------
 CST_coefs:
 ---------------------------------------------------
 Section 1---------------
  0.699328   0.701191   0.918286   0.806252   1.233955   0.874498  1.141528
 -0.681143  -0.791295  -0.643583  -1.493055  -0.072058  -0.69853   0.377973
 Section 2---------------
  0.699328   0.701191   0.918286   0.806252   1.233955   0.874498  1.141528
 -0.681143  -0.791295  -0.643583  -1.493055  -0.072058  -0.69853   0.377973
 Section 3---------------
  0.699328   0.701191   0.918286   0.806252   1.233955   0.874498  1.141528
 -0.681143  -0.791295  -0.643583  -1.493055  -0.072058  -0.69853   0.377973
 Section 4---------------
  0.699328   0.701191   0.918286   0.806252   1.233955   0.874498  1.141528
 -0.681143  -0.791295  -0.643583  -1.493055  -0.072058  -0.69853   0.377973
 Section 5---------------
  0.699328   0.701191   0.918286   0.806252   1.233955   0.874498  1.141528
 -0.681143  -0.791295  -0.643583  -1.493055  -0.072058  -0.69853   0.377973
 Section 6---------------
  0.699328   0.701191   0.918286   0.806252   1.233955   0.874498  1.141528
 -0.681143  -0.791295  -0.643583  -1.493055  -0.072058  -0.69853   0.377973











