 ==========================================
 [Surf] Blade-suction
 ==========================================
 ---------------------------------------------------
 Layout: LE XYZ, chord length, twist(deg), rel-thick
 ---------------------------------------------------
   -16.727744  15.057000  23.000111  26.197782  -44.869607  0.111400 
   -20.505167  14.767008  27.266841  25.952369  -40.803223  0.113682 
   -25.834969  16.452906  30.249798  27.959412  -39.148119  0.098001 
   -29.691564  17.621830  32.270989  29.267745  -38.352465  0.089518 
   -35.983455  19.434389  35.350337  31.129759  -37.587281  0.079555 
   -40.796359  21.419949  36.199391  33.447405  -36.867399  0.084120 
   
 ---------------------------------------------------
 CST_coefs:
 ---------------------------------------------------
Section 1 ---------------
   0.111283   0.371933   0.153438   0.452797   0.225870   0.364799   0.275790 
Section 3 ---------------
   0.208236   0.325437   0.246680   0.364159   0.275120   0.318604   0.277516 
Section 5 ---------------
   0.176286   0.295879   0.195508   0.331298   0.217786   0.277981   0.231467 
Section 7 ---------------
   0.159841   0.275944   0.172239   0.309087   0.191869   0.254391   0.207487 
Section 9 ---------------
   0.140558   0.247811   0.149061   0.279164   0.167417   0.226871   0.182198 
Section 11 ---------------
   0.135981   0.181113   0.354762  -0.093022   0.731542  -0.255017   0.776302 

 ---------------------------------------------------
 CylinderOrigin:
 ---------------------------------------------------
  -2.000602   -1.999567 
  -1.830067   -1.363773 
  -1.649559   -1.547927 
  -1.542195   -1.681021 
  -1.396498   -1.900700 
   0.000457    0.000419 


==========================================
 [Surf] Blade-pressure
 ==========================================
 ---------------------------------------------------
 Layout: LE XYZ, chord length, twist(deg), rel-thick
 ---------------------------------------------------
   -16.728031  15.056999  23.000338  25.186670  -47.206299  0.007795 
   -20.312701  14.766718  26.664925  25.344543  -42.068294  0.017790 
   -25.610018  16.452684  29.715527  27.313274  -40.315709  0.012399 
   -29.442423  17.621655  31.762897  28.624270  -39.446539  0.009566 
   -35.689732  19.434292  34.859718  30.489921  -38.564327  0.006539 
   -40.796691  21.419994  36.199905  32.785591  -37.794869  0.003518 
   
 ---------------------------------------------------
 CST_coefs:
 ---------------------------------------------------
Section 2 ---------------
  -0.155302  -0.179412   0.239388  -0.221059   0.235396  -0.083220   0.058225 
Section 4 ---------------
  -0.085311  -0.010205   0.088410   0.017184   0.094816   0.034378   0.050493 
Section 6 ---------------
  -0.080794  -0.012980   0.066217   0.008301   0.070740   0.021282   0.034245 
Section 8 ---------------
  -0.078267  -0.014188   0.053734   0.004525   0.057525   0.014463   0.025124 
Section 10 ---------------
  -0.075130  -0.015099   0.038302   0.002183   0.042346   0.008143   0.015430 
Section 12 ---------------
  -0.072566  -0.015875   0.023172  -0.001101   0.027442   0.002320   0.004144 
  
 ---------------------------------------------------
 CylinderOrigin:
 ---------------------------------------------------
  -2.000834   -1.999648 
  -1.212074   -1.141474 
  -1.123706   -1.296289 
  -1.060320   -1.408361 
  -0.963497   -1.590672 
   0.000027    0.000110 




 ==========================================
 [Surf] Patch
 ==========================================
 ---------------------------------------------------
 Layout: LE XYZ(m),  chord(m), twist(deg), rel-thick
 ---------------------------------------------------
    0.0  0.0   0.0     5.5        3.0        0.18
    2.0  1.0   7.0     3.2        0.0        0.14
    6.0  3.0  21.0     1.0       -3.0        0.10
 ---------------------------------------------------
 CST_coefs:
 ---------------------------------------------------
 Section 1---------------
    1.0   1.0   1.0   1.0   1.0   1.0   1.0
 Section 2---------------
    1.0   1.0   1.0   1.0   1.0   1.0   1.0
 Section 3---------------
    1.0   1.0   1.0   1.0   1.0
 ---------------------------------------------------
 CST_refine:
 ---------------------------------------------------
 n_cst   start-index
  0        0
 Section 1---------------
    0.1   0.1   
 Section 2---------------
    0.1   0.1   0.1
 Section 3---------------
    0.0   0.0
