


 ==========================================
 [Surf] Nacelle-simple
 ==========================================
 ---------------------------------------------------
 Layout: LE XYZ(m),  chord(m), twist(deg), rel-thick
 ---------------------------------------------------
   -0.3  1.0   0.0     3.3       -5.0        0.10
    0.0  0.0   1.0     3.0       -5.0        0.10
    0.2 -1.0   0.0     2.8       -5.0        0.10
    0.0  0.0  -1.0     3.0       -5.0        0.10
   -0.3  1.0   0.0     3.3       -5.0        0.10
 ---------------------------------------------------
 CST_coefs:
 ---------------------------------------------------
 Section 1---------------
    1.0   1.0   2.0   1.0   2.0   2.0
   -1.0   1.0   0.0   1.0   1.0   1.0
 Section 2---------------
    2.0   3.0   3.0   3.0   2.0
   -1.0  -1.0   0.0  -1.0  -1.0
 Section 3---------------
    1.0   0.0   1.0   0.0   1.0
   -1.0   0.0   0.0   0.0   0.0
 Section 4---------------
    2.0   3.0   3.0   3.0   2.0
   -1.0  -1.0   0.0  -1.0  -1.0
 Section 5---------------
    1.0   1.0   2.0   1.0   2.0   2.0
   -1.0   1.0   0.0   1.0   1.0   1.0


 ==========================================
 [Surf] Nacelle
 ==========================================
 ---------------------------------------------------
 Layout: LE XYZ(m),  chord(m), twist(deg), rel-thick
 ---------------------------------------------------
   -0.3   1.0     0.0     3.3       -3.5        0.10
    0.0   0.0     1.0     3.0       -4.0        0.10
    0.2  -0.8     0.8     2.8       -6.0        0.10
    0.2  -1.0     0.0     2.8       -4.0        0.10
    0.2   0.8    -0.8     2.8       -6.0        0.10
    0.0   0.0    -1.0     3.0       -4.0        0.10
   -0.3   1.0     0.0     3.3       -3.5        0.10
 ---------------------------------------------------
 CST_coefs:
 ---------------------------------------------------
 Section 1---------------
    1.0   1.0   2.0   1.0   2.0   2.0
   -1.0   1.0   0.0   1.0   1.0   1.0
 Section 2---------------
    2.0   3.0   3.0   3.0   2.0
   -1.0  -1.0   0.0  -1.0  -1.0
 Section 3---------------
    1.0   0.0   1.0   0.0   1.0
   -1.0   0.0   0.0   0.0   0.0
 Section 4---------------
    1.0   0.0   1.0   0.0   1.0
   -1.0   0.0   0.0   0.0   0.0
 Section 5---------------
    1.0   0.0   1.0   0.0   1.0
   -1.0   0.0   0.0   0.0   0.0
 Section 6---------------
    2.0   3.0   3.0   3.0   2.0
   -1.0  -1.0   0.0  -1.0  -1.0
 Section 7---------------
    1.0   1.0   2.0   1.0   2.0   2.0
   -1.0   1.0   0.0   1.0   1.0   1.0

