


 ==========================================
 [Surf] Wing-basic
 ==========================================
 ---------------------------------------------------
 Layout: LE XYZ(m),  chord(m), twist(deg), rel-thick
 ---------------------------------------------------
    0.0  0.0   0.0     5.5        3.0        0.18
    2.0  1.0   7.0     3.2        0.0        0.14
    6.0  3.0  21.0     1.0       -3.0        0.10
 ---------------------------------------------------
 CST_coefs:
 ---------------------------------------------------
 Section 1---------------
    1.0   1.0   1.0   1.0   1.0   1.0   1.0
   -1.0  -1.0  -1.0  -1.0  -1.0  -1.0  -1.0
 Section 2---------------
    1.0   1.0   1.0   1.0   1.0   1.0   1.0
   -1.0  -1.0  -1.0  -1.0  -1.0  -1.0
 Section 3---------------
    1.0   1.0   1.0   1.0   1.0
   -1.0  -1.0  -1.0  -1.0  -1.0
 ---------------------------------------------------
 CST_refine:
 ---------------------------------------------------
 n_cst   start-index
  0        0
 Section 1---------------
    0.1   0.1   
   -0.1  -0.1
 Section 2---------------
    0.1   0.1   0.1
    0.0   0.0
 Section 3---------------
    0.0   0.0
    0.0   0.0

 ==========================================
 [Surf] Wing-tip
 ==========================================
 ---------------------------------------------------
 Layout: LE XYZ, chord length, twist(deg), rel-thick
 ---------------------------------------------------
  1.34   -1.15    2.8     12.2006   3.1   0.1351 
  5.61   -0.51    8.9      8.1013   0.5   0.1120 
  7.17   -0.27   11.1      6.6000  -0.6   0.1050 
 10.81    0.27   16.3      5.3050  -2.0   0.0900 
 18.84    1.47   27.8      2.4487  -4.0   0.0880 
 24.20    3.25   31.4      0.5520  -4.5   0.0880 
 ---------------------------------------------------
 CST_coefs:
 ---------------------------------------------------
 Section 1---------------
    1.0   1.0   1.0   1.0   1.0
   -1.0  -1.0  -1.0  -1.0   1.0
 Section 2---------------
    1.0   1.0   1.0   1.0   1.0
   -1.0  -1.0  -1.0  -1.0   1.0
 Section 3---------------
    1.0   1.0   1.0   1.0   1.0
   -1.0  -1.0  -1.0  -1.0  -1.0
 Section 4---------------
    1.0   1.0   1.0   1.0   1.0
   -1.0  -1.0  -1.0  -1.0  -1.0
 Section 5---------------
    1.0   1.0   1.0   1.0   1.0
   -1.0  -1.0  -1.0  -1.0  -1.0
 Section 6---------------
    1.0   1.0   1.0   1.0   1.0
   -1.0  -1.0  -1.0  -1.0  -1.0

