
 ==========================================
 [Surf] Propeller
 ==========================================
 ---------------------------------------------------
 Layout: LE XYZ, chord length, twist(deg), rel-thick
 ---------------------------------------------------
  -1.00  0.00   0.00     2.00      0.0    0.13
  -2.50 -0.25   3.00     2.50    -10.0    0.12
  -4.00 -0.50  10.00     3.00    -30.0    0.12
  -2.00 -0.15  18.00     1.50    -75.0    0.11
  -0.30 -0.02  19.90     1.05    -89.8    0.10
   0.00  0.00  20.00     1.00    -90.0    0.08
   0.30  0.02  19.90     1.05    -89.8    0.10
   1.50  0.15  18.00     1.50    -75.0    0.11
   2.00  0.50  10.00     3.00    -30.0    0.12
   0.50  0.25   3.00     2.50    -10.0    0.12
  -1.00  0.00   0.00     2.00      0.0    0.13
 
 ---------------------------------------------------
 CST_coefs:
 ---------------------------------------------------
 Section 1---------------
  0.116721  0.383529  0.150191  0.460014  0.216276  0.361768  0.266698
 -0.153334 -0.171295  0.230421 -0.214967  0.223316 -0.087042  0.047490 
 Section 2---------------
  0.116721  0.383529  0.150191  0.460014  0.216276  0.361768  0.266698
 -0.153334 -0.171295  0.230421 -0.214967  0.223316 -0.087042  0.047490 
 Section 3---------------
  0.116721  0.383529  0.150191  0.460014  0.216276  0.361768  0.266698
 -0.153334 -0.171295  0.230421 -0.214967  0.223316 -0.087042  0.047490 
 Section 4---------------
  0.116721  0.383529  0.150191  0.460014  0.216276  0.361768  0.266698
 -0.153334 -0.171295  0.230421 -0.214967  0.223316 -0.087042  0.047490 
 Section 5---------------
  0.116721  0.383529  0.150191  0.460014  0.216276  0.361768  0.266698
 -0.116721 -0.383529 -0.150191 -0.460014 -0.216276 -0.361768 -0.266698
 Section 6---------------
  0.116721  0.383529  0.150191  0.460014  0.216276  0.361768  0.266698
 -0.116721 -0.383529 -0.150191 -0.460014 -0.216276 -0.361768 -0.266698
 Section 7---------------
  0.116721  0.383529  0.150191  0.460014  0.216276  0.361768  0.266698
 -0.116721 -0.383529 -0.150191 -0.460014 -0.216276 -0.361768 -0.266698
 Section 8---------------
  0.153334  0.171295 -0.230421  0.214967 -0.223316  0.087042 -0.047490 
 -0.116721 -0.383529 -0.150191 -0.460014 -0.216276 -0.361768 -0.266698
 Section 9---------------
  0.153334  0.171295 -0.230421  0.214967 -0.223316  0.087042 -0.047490 
 -0.116721 -0.383529 -0.150191 -0.460014 -0.216276 -0.361768 -0.266698
 Section 10--------------
  0.153334  0.171295 -0.230421  0.214967 -0.223316  0.087042 -0.047490 
 -0.116721 -0.383529 -0.150191 -0.460014 -0.216276 -0.361768 -0.266698
 Section 11--------------
  0.153334  0.171295 -0.230421  0.214967 -0.223316  0.087042 -0.047490 
 -0.116721 -0.383529 -0.150191 -0.460014 -0.216276 -0.361768 -0.266698
