

 ==========================================
 [Surf] wing
 ==========================================
 ---------------------------------------------------
 Layout: xLE   yLE      zLE      chord    twist(deg)  rel-thick 
 ---------------------------------------------------
      24.355   2.673    0.000    35.620   -2.59       0.060
      40.109   2.681    4.474    20.268   -0.83       0.050
      47.332   2.737    6.927    14.349   0.59        0.050
      62.573   3.530    12.784   2.222    3.39        0.030

 ---------------------------------------------------
 CST_coefs:
 ---------------------------------------------------
Section  1---------------
   0.118598    0.118914    0.155731    0.136732    0.209265    0.148305    0.193591
  -0.115514   -0.134195   -0.109145   -0.253206   -0.012220   -0.118463    0.064100
Section  2---------------
   0.118598    0.118914    0.155731    0.136732    0.209265    0.148305    0.193591
  -0.115514   -0.134195   -0.109145   -0.253206   -0.012220   -0.118463    0.064100
Section  3---------------
   0.118598    0.118914    0.155731    0.136732    0.209265    0.148305    0.193591
  -0.115514   -0.134195   -0.109145   -0.253206   -0.012220   -0.118463    0.064100
Section  4---------------
   0.118598    0.118914    0.155731    0.136732    0.209265    0.148305    0.193591
  -0.115514   -0.134195   -0.109145   -0.253206   -0.012220   -0.118463    0.064100


 ==========================================
 [Surf] vTail
 ==========================================
 ---------------------------------------------------
 Layout: xLE   yLE      zLE      chord    twist(deg)  rel-thick 
 ---------------------------------------------------
      58.000   2.000    0.000    10.000   -2.000      0.06
      68.000   6.315    5.444    1.600    0.000       0.04

 ---------------------------------------------------
 CST_coefs:
 ---------------------------------------------------
Section  1---------------
   0.118598    0.118914    0.155731    0.136732    0.209265    0.148305    0.193591
  -0.115514   -0.134195   -0.109145   -0.253206   -0.012220   -0.118463    0.064100
Section  2---------------
   0.118598    0.118914    0.155731    0.136732    0.209265    0.148305    0.193591
  -0.115514   -0.134195   -0.109145   -0.253206   -0.012220   -0.118463    0.064100


 ==========================================
 [Surf] fuselage
 ==========================================
 ---------------------------------------------------
 Layout: xLE   yLE      zLE      chord
 ---------------------------------------------------
      0.000    0.000    0.000    0.000
      22.455   1.800    0.000    2.000
      25.000   1.800    0.000    2.000
      55.000   1.675    0.000    2.000
      60.000   1.675    0.000    2.000
      70.000   1.675    0.000    0.000


